,Northing,Easting,Broadleaf woodland,Coniferous woodland,Arable ,Improved Grassland,Semi-natural grassland,Mountain Heath,Saltwater,Freshwater,Coastal,Built-up/gardens,Sum,Land
0,1066.0,189.0,6,1,5,70,16,3,0,0,0,0,101,1
1,1057.0,532.0,0,0,99,1,0,0,0,0,0,0,100,1
2,505.0,327.0,11,42,7,18,13,4,0,5,0,0,100,1
3,1205.0,280.0,11,0,57,23,9,1,0,0,0,0,101,1
4,1083.0,283.0,2,0,0,0,96,1,0,0,0,1,100,1
5,543.0,290.0,0,44,0,0,17,38,0,0,0,0,99,1
6,371.0,120.0,0,0,0,0,0,82,0,18,0,0,100,1
7,498.0,200.0,0,0,0,0,5,24,0,70,0,0,99,1
8,584.0,298.0,0,0,83,4,5,0,0,0,0,8,100,1
9,142.0,427.0,0,0,0,0,74,21,0,5,0,0,100,1
10,754.0,352.0,0,0,20,76,4,0,0,0,0,0,100,1
11,1014.0,622.0,0,0,98,0,1,0,0,0,0,1,100,1
12,1041.0,547.0,0,0,11,51,4,0,0,0,0,34,100,1
13,619.0,309.0,0,0,0,0,0,0,100,0,0,0,100,1
14,461.0,345.0,0,65,1,10,15,8,0,0,0,0,99,1
15,1170.0,376.0,0,0,27,66,5,0,0,0,0,1,99,1
16,529.0,377.0,0,0,71,29,0,0,0,0,0,0,100,1
17,408.0,233.0,0,0,0,0,8,92,0,0,0,0,100,1
18,1159.0,325.0,0,1,63,29,1,1,0,3,0,3,101,1
19,968.0,520.0,0,0,92,8,0,0,0,0,0,0,100,1
20,757.0,408.0,0,1,0,70,18,11,0,0,0,0,100,1
21,749.0,423.0,1,1,51,38,8,0,0,0,0,2,101,1
22,1041.0,396.0,17,0,42,38,3,0,0,0,0,0,100,1
23,804.0,399.0,0,4,0,0,0,96,0,0,0,0,100,1
24,740.0,268.0,34,4,7,36,20,0,0,0,0,0,101,1
25,559.0,293.0,0,67,0,5,6,23,0,0,0,0,101,1
26,678.0,295.0,3,4,10,58,24,0,0,0,0,1,100,1
27,439.0,236.0,4,0,0,0,0,94,0,2,0,0,100,1
28,857.0,452.0,10,0,63,26,0,0,0,0,0,0,99,1
29,442.0,407.0,2,3,21,13,54,3,0,2,0,3,101,1
30,979.0,351.0,1,4,54,39,0,0,0,0,0,1,99,1
31,1205.0,268.0,8,0,45,32,14,0,0,0,0,2,101,1
32,1038.0,463.0,3,0,80,6,9,0,0,0,0,2,100,1
33,1173.0,295.0,9,5,11,67,8,0,0,0,0,0,100,1
34,1071.0,488.0,0,0,71,18,1,4,0,0,0,6,100,1
35,886.0,427.0,20,5,48,25,1,1,0,0,0,0,100,1
36,1100.0,410.0,6,0,88,5,1,0,0,0,0,0,100,1
37,563.0,235.0,0,0,0,0,70,30,0,0,0,0,100,1
38,399.0,257.0,15,30,0,17,6,32,0,0,0,0,100,1
39,1129.0,548.0,14,0,23,25,0,0,0,0,0,38,100,1
40,1013.0,279.0,0,0,0,0,100,0,0,0,0,0,100,1
41,1164.0,450.0,7,0,53,38,2,0,0,0,0,0,100,1
42,1190.0,287.0,25,0,44,28,2,2,0,0,0,0,101,1
43,1227.0,282.0,6,0,61,25,3,3,0,0,0,2,100,1
44,1248.0,190.0,7,0,30,51,13,0,0,0,0,0,101,1
45,1195.0,342.0,3,0,22,46,29,0,0,0,0,0,100,1
46,1233.0,213.0,7,0,1,78,8,6,0,0,0,0,100,1
47,1125.0,378.0,1,0,79,16,3,0,0,0,0,1,100,1
48,704.0,230.0,0,2,0,47,17,35,0,0,0,0,101,1
49,541.0,350.0,3,14,68,4,6,3,0,0,0,3,101,1
50,1160.0,570.0,4,0,20,76,1,0,0,0,0,0,101,1
51,979.0,478.0,2,0,66,32,0,0,0,0,0,0,100,1
52,558.0,302.0,27,52,0,18,0,0,0,0,0,3,100,1
53,654.0,249.0,0,34,0,14,17,36,0,0,0,0,101,1
54,1203.0,232.0,14,0,50,34,3,0,0,0,0,0,101,1
55,1139.0,423.0,0,0,63,27,0,0,0,0,0,10,100,1
56,629.0,238.0,12,7,5,69,6,0,0,0,0,1,100,1
57,926.0,520.0,0,0,92,4,5,0,0,0,0,0,101,1
58,589.0,336.0,1,7,15,66,11,0,0,0,0,0,100,1
59,989.0,282.0,1,74,2,10,10,3,0,0,0,0,100,1
60,1087.0,195.0,0,0,17,70,12,0,0,0,0,1,100,1
61,394.0,247.0,0,0,0,0,14,86,0,0,0,0,100,1
62,676.0,317.0,0,0,0,0,3,97,0,0,0,0,100,1
63,743.0,346.0,8,6,32,27,21,1,0,3,0,2,100,1
64,1066.0,311.0,13,2,6,53,25,0,0,0,0,1,100,1
65,961.0,311.0,0,0,0,0,0,100,0,0,0,0,100,1
66,837.0,418.0,41,9,0,50,0,0,0,0,0,0,100,1
67,1044.0,500.0,5,1,73,17,4,0,0,0,0,0,100,1
68,924.0,373.0,0,0,77,16,5,0,0,0,0,3,101,1
69,1191.0,287.0,0,0,79,20,1,0,0,0,0,0,100,1
70,1005.0,561.0,0,0,77,13,2,0,0,0,0,9,101,1
71,655.0,302.0,7,6,30,40,8,9,0,0,0,0,100,1
72,1007.0,326.0,2,2,40,54,1,0,0,0,0,2,101,1
73,872.0,450.0,6,0,92,2,0,0,0,0,0,0,100,1
74,1013.0,327.0,5,11,4,62,16,1,0,0,0,0,99,1
75,810.0,325.0,34,1,2,9,48,6,0,0,0,0,100,1
76,566.0,329.0,2,14,37,47,0,0,0,0,0,0,100,1
77,1097.0,331.0,24,7,16,27,9,0,0,0,0,17,100,1
78,1098.0,563.0,50,0,9,40,0,0,0,0,0,2,101,1
79,1185.0,374.0,1,0,41,50,8,0,0,0,0,0,100,1
80,944.0,337.0,3,0,10,84,3,0,0,0,0,0,100,1
81,833.0,356.0,14,1,1,67,7,0,0,0,0,9,99,1
82,1066.0,219.0,13,0,4,75,8,0,0,0,0,0,100,1
83,1089.0,251.0,47,1,0,36,15,0,0,0,0,1,100,1
84,909.0,492.0,0,0,83,12,3,0,0,0,0,2,100,1
85,941.0,327.0,11,0,22,58,4,5,0,0,0,0,100,1
86,1151.0,280.0,5,1,0,77,15,1,0,0,0,0,99,1
87,992.0,330.0,1,5,34,58,2,0,0,0,0,0,100,1
88,1085.0,378.0,15,0,42,39,2,0,0,0,0,1,99,1
89,330.0,304.0,0,0,0,64,36,0,0,0,0,0,100,1
90,503.0,241.0,0,0,0,0,57,44,0,0,0,0,101,1
91,503.0,241.0,0,0,0,0,57,44,0,0,0,0,101,1
92,1046.0,310.0,3,14,25,25,32,0,0,0,0,0,99,1
93,796.0,402.0,0,0,0,0,9,91,0,0,0,0,100,1
94,1215.0,356.0,11,0,19,40,1,0,0,0,15,2,88,1
95,577.0,277.0,22,15,7,43,0,2,0,1,0,10,100,1
96,1062.0,212.0,1,0,7,75,13,4,0,0,0,0,100,1
97,342.0,147.0,0,0,0,0,0,100,0,0,0,0,100,1
98,458.0,342.0,3,12,1,56,28,0,0,0,0,0,100,1
99,748.0,256.0,0,0,0,0,0,0,93,0,0,0,93,1
100,950.0,447.0,13,0,46,32,8,0,0,0,0,1,100,1
101,1257.0,190.0,3,0,69,26,1,0,0,0,0,0,99,1
102,516.0,312.0,0,0,0,0,0,100,0,0,0,0,100,1
103,1023.0,555.0,0,0,76,20,5,0,0,0,0,0,101,1
104,1248.0,220.0,24,1,27,27,7,4,0,0,0,8,98,1
105,1100.0,203.0,1,0,24,69,6,0,0,0,0,1,101,1
106,438.0,123.0,3,0,0,36,1,60,0,0,0,0,100,1
107,1050.0,241.0,0,0,2,48,50,0,0,0,0,0,100,1
108,528.0,251.0,0,0,0,0,0,100,0,0,0,0,100,1
109,710.0,416.0,4,2,26,66,1,0,0,0,0,1,100,1
110,1036.0,475.0,0,0,2,17,0,0,0,0,0,81,100,1
111,1079.0,220.0,15,0,8,42,35,0,0,0,0,0,100,1
112,347.0,327.0,0,33,0,38,5,24,0,0,0,0,100,1
113,1014.0,265.0,0,5,14,71,5,4,0,1,0,0,100,1
114,553.0,275.0,6,52,1,33,0,8,0,0,0,0,100,1
115,690.0,292.0,0,1,0,13,62,25,0,0,0,0,101,1
116,544.0,188.0,0,0,0,0,91,9,0,0,0,0,100,1
117,1039.0,625.0,6,0,48,35,12,0,0,0,0,1,102,1
118,812.0,469.0,10,1,67,17,0,0,0,0,0,5,100,1
119,1095.0,344.0,5,0,45,39,11,0,0,0,0,1,101,1
120,955.0,577.0,0,0,3,6,5,0,0,0,68,18,100,1
121,1082.0,223.0,3,0,5,80,9,0,0,0,0,3,100,1
122,1006.0,367.0,14,1,45,39,1,0,0,0,0,0,100,1
123,931.0,411.0,0,0,0,86,14,0,0,0,0,0,100,1
124,1083.0,235.0,2,0,12,69,16,2,0,0,0,1,102,1
125,477.0,235.0,0,0,0,0,0,98,0,2,0,0,100,1
126,1191.0,537.0,3,0,33,64,1,0,0,0,0,0,101,1
127,918.0,440.0,8,0,38,39,2,1,0,0,0,12,100,1
128,1205.0,258.0,38,0,5,32,0,0,0,0,0,25,100,1
129,459.0,278.0,0,0,0,0,0,100,0,0,0,0,100,1
130,968.0,340.0,0,5,43,45,6,0,0,0,0,1,100,1
131,1052.0,621.0,19,0,37,43,0,0,0,0,0,1,100,1
132,697.0,247.0,28,7,0,11,37,16,0,1,0,0,100,1
133,1054.0,566.0,5,0,0,19,0,0,0,0,0,76,100,1
134,741.0,308.0,0,0,0,0,0,0,0,0,100,0,100,1
135,522.0,309.0,0,0,0,0,0,100,0,0,0,0,100,1
136,967.0,622.0,21,0,56,16,3,0,0,2,0,2,100,1
137,921.0,400.0,7,26,2,40,12,13,0,0,0,1,101,1
138,911.0,471.0,1,0,91,7,2,0,0,0,0,0,101,1
139,873.0,448.0,32,5,40,12,2,1,0,0,0,8,100,1
140,803.0,347.0,23,0,2,59,5,5,0,0,0,6,100,1
141,781.0,334.0,0,0,0,0,2,99,0,0,0,0,101,1
142,1188.0,473.0,3,0,70,6,0,0,0,0,0,22,101,1
143,1074.0,193.0,1,0,45,40,14,0,0,0,0,0,100,1
144,1197.0,290.0,6,2,67,19,0,5,0,0,0,0,99,1
145,598.0,273.0,2,4,13,79,0,0,0,0,0,2,100,1
146,626.0,349.0,8,2,66,5,4,0,0,0,0,16,101,1
147,1087.0,563.0,2,0,97,1,0,0,0,0,0,0,100,1
148,1070.0,250.0,15,9,2,38,34,1,0,0,0,1,100,1
149,775.0,323.0,25,4,13,36,16,3,0,0,0,3,100,1
150,1004.0,424.0,1,0,36,45,1,2,0,0,0,14,99,1
151,693.0,294.0,0,0,0,0,83,17,0,0,0,0,100,1
152,973.0,553.0,0,0,5,0,0,0,0,0,95,0,100,1
153,980.0,578.0,2,0,93,4,0,0,0,0,0,0,99,1
154,651.0,265.0,2,3,6,72,2,15,0,0,0,0,100,1
155,582.0,307.0,5,5,24,54,10,2,0,0,0,1,101,1
156,810.0,389.0,0,0,0,85,13,0,0,1,0,1,100,1
157,517.0,229.0,1,17,0,7,32,42,0,0,0,0,99,1
158,1035.0,572.0,2,2,82,7,1,0,0,0,0,7,101,1
159,1185.0,500.0,16,0,33,49,0,1,0,0,0,2,101,1
160,597.0,279.0,3,8,2,71,6,1,0,0,0,8,99,1
161,901.0,531.0,2,0,86,2,3,0,0,7,0,0,100,1
162,1069.0,344.0,2,4,61,23,6,0,0,0,0,2,98,1
163,995.0,504.0,12,1,76,7,4,0,0,0,0,0,100,1
164,657.0,359.0,14,25,30,22,4,4,0,0,0,1,100,1
165,711.0,370.0,5,60,0,3,1,6,0,24,0,1,100,1
166,576.0,199.0,5,58,2,1,3,3,0,29,0,0,101,1
167,1005.0,447.0,1,0,76,16,7,0,0,0,0,1,101,1
168,610.0,280.0,5,2,17,67,2,0,0,0,0,9,102,1
169,1083.0,543.0,6,0,68,24,0,0,0,0,0,2,100,1
170,911.0,438.0,0,1,0,5,1,0,0,0,0,93,100,1
171,406.0,96.0,0,0,0,0,10,90,0,0,0,0,100,1
172,1178.0,415.0,0,0,83,10,7,0,0,0,0,0,100,1
173,1009.0,472.0,3,1,55,37,3,0,0,0,0,1,100,1
174,1204.0,263.0,10,0,58,32,0,0,0,0,0,0,100,1
175,1141.0,470.0,15,2,51,31,0,0,0,0,0,0,99,1
176,966.0,604.0,3,0,67,13,4,0,0,0,0,13,100,1
177,959.0,465.0,8,1,61,11,3,0,0,3,0,13,100,1
178,478.0,287.0,3,54,3,6,6,26,0,0,0,2,100,1
179,1026.0,457.0,7,0,14,33,4,7,0,0,0,34,99,1
180,945.0,424.0,2,0,0,50,48,0,0,0,0,0,100,1
181,827.0,445.0,10,5,75,7,2,0,0,0,0,0,99,1
182,1085.0,573.0,19,0,79,1,1,0,0,0,0,0,100,1
183,944.0,467.0,0,0,90,6,4,0,0,0,0,0,100,1
184,1032.0,447.0,0,0,71,29,0,0,0,0,0,0,100,1
185,503.0,253.0,0,0,0,0,54,46,0,0,0,0,100,1
186,1066.0,390.0,1,0,26,12,10,0,0,0,0,52,101,1
187,429.0,219.0,0,0,0,0,1,99,0,0,0,0,100,1
188,643.0,381.0,5,1,89,1,1,1,0,0,0,2,100,1
189,1141.0,625.0,1,0,65,29,2,0,0,0,0,4,101,1
190,510.0,165.0,0,1,4,9,36,14,0,0,32,0,96,1
191,1134.0,484.0,19,31,2,4,1,0,0,0,0,43,100,1
192,439.0,353.0,0,38,40,17,5,0,0,0,0,0,100,1
193,573.0,220.0,7,88,0,3,2,0,0,0,0,0,100,1
194,502.0,339.0,9,1,31,15,13,25,0,7,0,1,102,1
195,1045.0,409.0,3,0,42,46,8,0,0,0,0,0,99,1
196,993.0,295.0,0,0,0,11,49,41,0,0,0,0,101,1
197,1061.0,354.0,5,0,53,26,8,0,0,6,0,2,100,1
198,683.0,296.0,3,37,3,8,40,5,0,0,0,5,101,1
199,1046.0,506.0,4,0,33,52,8,0,0,0,0,4,101,1
200,926.0,360.0,4,0,25,50,18,0,0,0,0,2,99,1
201,1084.0,509.0,4,0,70,17,1,0,0,0,0,7,99,1
202,1195.0,549.0,1,0,17,62,20,0,0,0,0,0,100,1
203,1141.0,623.0,5,0,66,11,11,0,0,4,0,3,100,1
204,1133.0,428.0,0,1,93,4,2,0,0,0,0,0,100,1
205,1095.0,284.0,23,31,5,16,3,1,0,12,0,9,100,1
206,669.0,244.0,0,0,71,16,12,0,0,0,0,1,100,1
207,488.0,336.0,3,32,20,15,17,13,0,0,0,0,100,1
208,1205.0,402.0,1,1,17,1,0,8,0,0,0,72,100,1
209,508.0,373.0,5,18,20,41,16,0,0,0,0,0,100,1
210,656.0,258.0,5,73,3,2,5,12,0,0,0,0,100,1
211,1075.0,447.0,22,0,43,29,6,0,0,0,0,0,100,1
212,987.0,500.0,20,0,76,4,0,0,0,0,0,0,100,1
213,1041.0,322.0,4,1,44,42,8,0,0,0,0,1,100,1
214,519.0,385.0,1,0,67,17,4,1,0,0,0,11,101,1
215,738.0,434.0,0,1,13,10,2,0,0,1,0,74,101,1
216,652.0,180.0,0,7,0,0,54,38,0,0,0,0,99,1
217,694.0,321.0,2,91,0,0,7,0,0,0,0,0,100,1
218,1089.0,245.0,3,0,6,77,12,1,0,0,0,1,100,1
219,458.0,262.0,13,18,34,30,3,1,0,0,0,1,100,1
220,886.0,435.0,10,0,74,9,1,1,0,0,0,6,101,1
221,1178.0,229.0,5,0,69,24,1,0,0,0,0,1,100,1
222,812.0,495.0,2,81,6,1,1,4,0,4,0,0,99,1
223,681.0,170.0,0,0,2,52,17,29,0,0,0,0,100,1
224,1096.0,448.0,48,0,19,21,10,1,0,0,0,0,99,1
225,1148.0,429.0,13,1,37,40,10,0,0,0,0,0,101,1
226,437.0,307.0,0,10,20,33,15,0,0,0,0,22,100,1
227,765.0,350.0,1,0,55,42,1,0,0,0,0,1,100,1
228,829.0,414.0,5,0,0,0,3,92,0,0,0,0,100,1
229,415.0,274.0,3,3,1,41,9,4,19,0,17,5,102,1
230,779.0,383.0,0,0,0,0,8,92,0,0,0,0,100,1
231,1173.0,476.0,12,0,40,29,12,0,0,0,0,8,101,1
232,816.0,412.0,0,0,0,0,0,100,0,0,0,0,100,1
233,675.0,200.0,0,98,0,0,0,2,0,0,0,0,100,1
234,377.0,249.0,0,0,0,0,21,65,0,14,0,0,100,1
235,971.0,484.0,0,0,92,0,7,0,0,0,0,0,99,1
236,675.0,174.0,0,47,3,5,9,36,0,0,0,0,100,1
237,503.0,333.0,24,21,0,8,15,20,0,8,0,4,100,1
238,1285.0,170.0,16,0,55,28,1,0,0,0,0,0,100,1
239,626.0,128.0,0,0,25,25,4,37,0,0,8,0,99,1
240,516.0,224.0,0,0,0,0,81,19,0,0,0,0,100,1
241,1203.0,429.0,7,1,20,50,2,0,0,0,0,20,100,1
242,1197.0,393.0,1,0,94,5,1,0,0,0,0,0,101,1
243,454.0,314.0,1,50,4,0,3,42,0,0,0,0,100,1
244,905.0,386.0,0,0,0,22,0,0,0,0,0,78,100,1
245,1238.0,223.0,9,3,37,50,0,0,0,0,0,1,100,1
246,847.0,357.0,0,0,0,0,3,97,0,0,0,0,100,1
247,1222.0,278.0,23,0,23,44,7,0,0,0,0,2,99,1
248,891.0,412.0,4,0,3,58,25,1,0,0,0,8,99,1
249,1071.0,612.0,0,0,96,2,1,0,0,0,0,1,100,1
250,713.0,293.0,9,12,45,29,5,1,0,0,0,0,101,1
251,1100.0,531.0,11,0,15,29,0,0,0,0,0,45,100,1
252,415.0,211.0,39,16,0,4,15,27,0,0,0,0,101,1
253,390.0,111.0,0,0,0,0,14,87,0,0,0,0,101,1
254,1079.0,221.0,21,0,7,61,12,0,0,0,0,0,101,1
255,1131.0,461.0,7,0,48,12,27,1,0,1,0,4,100,1
256,727.0,320.0,1,41,15,42,1,0,0,0,0,0,100,1
257,1107.0,594.0,1,0,89,4,0,0,1,0,3,2,100,1
258,716.0,332.0,3,0,0,0,98,0,0,0,0,0,101,1
259,1075.0,447.0,22,0,43,29,6,0,0,0,0,0,100,1
260,1004.0,413.0,10,0,10,5,0,0,0,0,0,75,100,1
261,773.0,394.0,7,13,0,64,9,6,0,0,0,0,99,1
262,1009.0,633.0,3,2,23,53,2,0,0,4,0,12,99,1
263,291.0,333.0,0,0,0,0,2,98,0,0,0,0,100,1
264,1186.0,543.0,1,0,53,46,0,0,0,0,0,0,100,1
265,1156.0,481.0,32,15,12,19,7,1,0,0,0,14,100,1
266,1007.0,568.0,5,1,57,38,0,0,0,0,0,0,101,1
267,998.0,307.0,6,0,14,75,4,0,0,0,0,1,100,1
268,415.0,256.0,0,0,0,0,0,100,0,0,0,0,100,1
269,558.0,344.0,0,12,68,8,6,3,0,0,0,4,101,1
270,969.0,259.0,1,0,0,33,66,1,0,0,0,0,101,1
271,381.0,139.0,0,0,0,0,7,87,0,7,0,0,101,1
272,1101.0,311.0,1,0,2,88,10,0,0,0,0,0,101,1
273,1178.0,358.0,1,0,38,61,0,0,0,0,0,0,100,1
274,649.0,250.0,0,5,8,0,45,39,0,0,0,4,101,1
275,1160.0,301.0,3,0,65,27,6,0,0,0,0,0,101,1
276,860.0,460.0,0,0,99,1,0,0,0,0,0,1,101,1
277,535.0,374.0,2,0,38,21,10,0,0,0,2,25,98,1
278,717.0,405.0,5,0,0,59,28,8,0,0,0,0,100,1
279,1062.0,433.0,1,0,79,16,3,0,0,1,0,0,100,1
280,962.0,541.0,0,0,0,0,0,0,17,0,83,0,100,1
281,1162.0,368.0,0,0,52,43,5,0,0,0,0,0,100,1
282,1157.0,585.0,5,0,51,42,1,0,0,0,0,2,101,1
283,534.0,328.0,0,5,0,0,41,54,0,0,0,0,100,1
284,1085.0,563.0,7,0,91,1,0,0,0,0,0,2,101,1
285,480.0,187.0,9,0,0,67,16,7,0,1,0,0,100,1
286,1030.0,395.0,0,0,0,19,0,0,0,0,0,81,100,1
287,1023.0,331.0,23,0,3,46,15,12,0,0,0,2,101,1
288,586.0,317.0,0,1,32,39,14,15,0,0,0,0,101,1
289,763.0,445.0,16,6,77,0,0,0,0,0,0,1,100,1
290,980.0,349.0,11,1,69,17,0,0,0,0,0,2,100,1
291,1011.0,621.0,1,0,68,25,6,0,0,0,0,0,100,1
292,1034.0,446.0,4,0,74,10,12,0,0,0,0,0,100,1
293,464.0,203.0,0,0,0,0,0,100,0,0,0,0,100,1
294,1169.0,371.0,0,0,37,55,7,0,0,0,0,2,101,1
295,1070.0,185.0,1,1,11,66,19,1,0,0,0,0,99,1
296,329.0,225.0,0,1,0,0,0,93,0,0,5,1,100,1
297,996.0,405.0,7,0,10,4,0,3,0,0,0,76,100,1
298,1214.0,250.0,7,0,27,63,3,0,0,0,0,0,100,1
299,1169.0,307.0,8,11,7,72,0,1,0,0,0,2,101,1
300,1165.0,250.0,0,0,2,60,1,0,0,0,5,33,101,1
301,538.0,279.0,0,70,0,0,0,29,0,0,0,1,100,1
302,422.0,186.0,1,2,0,0,0,97,0,0,0,0,100,1
303,611.0,201.0,2,4,1,47,20,26,0,0,0,0,100,1
304,1040.0,321.0,0,2,6,78,10,4,0,0,0,0,100,1
305,935.0,255.0,4,26,2,32,35,0,0,0,0,1,100,1
306,488.0,232.0,0,49,0,0,11,39,0,1,0,0,100,1
307,569.0,150.0,0,30,0,0,58,12,0,0,0,0,100,1
308,871.0,526.0,1,0,99,0,1,0,0,0,0,0,101,1
309,924.0,441.0,5,0,44,2,6,7,0,0,0,36,100,1
310,1197.0,433.0,46,26,1,8,12,4,0,0,0,4,101,1
311,802.0,378.0,0,0,0,0,41,59,0,0,0,0,100,1
312,458.0,240.0,7,63,0,1,2,28,0,0,0,0,101,1
313,997.0,396.0,1,0,16,26,0,0,0,0,0,57,100,1
314,983.0,350.0,0,0,37,13,0,0,0,0,0,49,99,1
315,509.0,255.0,1,0,0,3,83,14,0,0,0,0,101,1
316,462.0,241.0,0,0,0,0,23,76,0,1,0,0,100,1
317,523.0,222.0,6,70,0,0,18,6,0,0,0,0,100,1
318,943.0,405.0,0,0,0,92,8,1,0,0,0,0,101,1
319,356.0,146.0,0,0,0,0,0,100,0,0,0,0,100,1
320,631.0,312.0,15,4,74,4,3,1,0,0,0,0,101,1
321,521.0,344.0,6,20,1,6,13,54,0,0,0,0,100,1
322,809.0,325.0,11,1,2,22,55,10,0,0,0,0,101,1
323,503.0,267.0,0,7,0,0,21,72,0,0,0,0,100,1
324,519.0,200.0,0,24,0,0,74,1,0,0,0,0,99,1
325,1176.0,420.0,17,1,80,2,0,0,0,0,0,0,100,1
326,1082.0,291.0,0,0,0,0,100,0,0,0,0,0,100,1
327,962.0,447.0,6,2,22,33,9,0,0,0,0,28,100,1
328,1030.0,626.0,3,0,88,7,0,0,0,0,0,2,100,1
329,1055.0,216.0,12,0,4,66,15,0,0,0,0,3,100,1
330,875.0,493.0,0,0,0,0,0,0,83,0,17,0,100,1
331,591.0,354.0,0,1,60,39,0,0,0,0,0,0,100,1
332,639.0,177.0,24,3,0,1,9,44,0,0,4,0,85,1
333,1179.0,358.0,0,0,72,28,0,0,0,0,0,0,100,1
334,577.0,287.0,7,1,18,67,0,0,0,0,0,6,99,1
335,872.0,364.0,15,0,0,70,13,1,0,0,0,2,101,1
336,382.0,268.0,0,0,0,0,51,49,0,0,0,0,100,1
337,736.0,273.0,6,3,54,13,12,0,0,11,0,2,101,1
338,1054.0,364.0,10,0,75,10,5,0,0,0,0,0,100,1
339,431.0,218.0,0,0,0,0,13,87,0,0,0,0,100,1
340,895.0,404.0,0,0,0,0,4,96,0,0,0,0,100,1
341,310.0,331.0,0,1,1,26,70,2,0,0,0,1,101,1
342,868.0,462.0,5,0,34,11,1,0,0,0,1,48,100,1
343,1091.0,210.0,3,0,10,82,4,0,0,0,0,1,100,1
344,1174.0,496.0,35,1,34,23,6,0,0,1,0,0,100,1
345,703.0,268.0,0,51,0,0,6,43,0,0,0,0,100,1
346,1098.0,557.0,14,0,22,60,0,2,0,0,0,1,99,1
347,1097.0,239.0,15,50,0,14,19,1,0,0,0,0,99,1
348,1238.0,279.0,23,0,37,27,3,0,0,0,0,10,100,1
349,1050.0,571.0,5,0,84,7,4,0,0,0,0,0,100,1
350,858.0,428.0,8,2,36,39,14,1,0,0,0,0,100,1
351,663.0,263.0,1,0,0,51,4,44,0,0,0,0,100,1
352,1033.0,447.0,1,0,48,48,3,0,0,0,0,0,100,1
353,1148.0,389.0,14,1,27,44,11,3,0,0,0,0,100,1
354,1080.0,461.0,0,0,28,59,12,0,0,0,0,1,100,1
355,1045.0,370.0,13,0,26,50,11,0,0,0,0,1,101,1
356,937.0,395.0,3,0,1,93,3,0,0,0,0,1,101,1
357,637.0,353.0,5,7,0,21,16,50,0,0,0,0,99,1
358,785.0,418.0,3,1,67,26,1,2,0,0,0,0,100,1
359,1014.0,646.0,32,4,32,25,3,0,0,0,0,4,100,1
360,1111.0,476.0,58,0,18,24,0,0,0,0,0,1,101,1
361,1179.0,260.0,5,1,13,73,5,0,0,0,0,2,99,1
362,452.0,308.0,0,75,0,0,0,18,0,1,0,6,100,1
363,1127.0,435.0,0,0,90,7,0,0,0,0,0,3,100,1
364,1174.0,600.0,0,0,85,7,8,0,0,0,0,0,100,1
365,640.0,354.0,0,1,0,0,1,98,0,0,0,0,100,1
366,922.0,319.0,8,0,26,11,3,0,0,3,0,48,99,1
367,372.0,113.0,0,1,0,0,54,29,0,1,0,0,85,1
368,811.0,376.0,3,66,0,0,3,28,0,0,0,0,100,1
369,1072.0,180.0,1,0,12,64,22,0,0,0,0,0,99,1
370,348.0,135.0,0,0,1,32,29,0,0,0,38,0,100,1
371,1142.0,516.0,1,1,10,13,1,0,0,0,0,74,100,1
372,794.0,400.0,0,0,0,10,60,30,0,0,0,0,100,1
373,666.0,293.0,1,18,0,4,57,20,0,0,0,0,100,1
374,996.0,620.0,6,2,68,19,3,0,0,0,0,2,100,1
375,918.0,310.0,0,0,36,56,7,0,0,0,0,1,100,1
376,1216.0,244.0,15,9,30,42,3,0,0,1,0,0,100,1
377,1032.0,253.0,11,0,9,70,8,1,0,0,0,0,99,1
378,875.0,434.0,0,0,27,18,0,0,0,0,0,55,100,1
379,1165.0,604.0,1,0,83,6,9,0,0,1,0,0,100,1
380,579.0,312.0,5,18,1,50,7,2,0,0,0,18,101,1
381,910.0,488.0,0,0,95,4,2,0,0,0,0,0,101,1
382,686.0,383.0,0,0,0,0,60,40,0,0,0,0,100,1
383,263.0,362.0,0,0,0,54,3,0,8,0,16,0,81,1
384,552.0,326.0,1,4,37,51,3,4,0,0,0,0,100,1
385,552.0,259.0,4,6,0,38,46,3,0,3,0,0,100,1
386,282.0,324.0,0,0,10,44,30,0,0,16,0,0,100,1
387,503.0,326.0,14,8,0,5,26,48,0,0,0,0,101,1
388,977.0,551.0,0,0,98,1,0,0,0,0,0,1,100,1
389,981.0,357.0,0,0,95,4,0,0,0,1,0,0,100,1
390,1217.0,264.0,0,2,0,1,93,3,0,0,0,0,99,1
391,1199.0,464.0,0,0,0,0,0,0,0,0,0,100,100,1
392,491.0,237.0,6,3,12,50,7,19,0,1,0,2,100,1
393,812.0,379.0,0,0,0,0,1,99,0,0,0,0,100,1
394,554.0,164.0,0,10,2,53,11,4,0,0,8,0,88,1
395,1076.0,332.0,4,0,36,35,23,1,0,0,0,0,99,1
396,1176.0,530.0,18,0,14,66,3,0,0,0,0,0,101,1
397,975.0,330.0,0,0,58,42,0,0,0,0,0,0,100,1
398,752.0,276.0,15,0,33,51,1,0,0,0,0,0,100,1
399,700.0,359.0,0,100,0,0,0,0,0,0,0,0,100,1
400,436.0,267.0,3,35,0,54,7,0,0,0,0,1,100,1
401,1243.0,202.0,21,0,23,21,5,11,0,1,0,19,101,1
402,746.0,318.0,4,0,20,39,6,1,0,0,30,1,101,1
403,718.0,295.0,11,11,19,33,22,1,0,3,0,0,100,1
404,1084.0,381.0,0,0,12,5,1,2,0,2,0,78,100,1
405,683.0,327.0,24,0,0,2,74,0,0,0,0,0,100,1
406,571.0,223.0,0,10,0,0,71,20,0,0,0,0,101,1
407,358.0,291.0,0,60,0,2,13,25,0,0,0,0,100,1
408,498.0,229.0,30,19,1,7,4,39,0,0,0,0,100,1
409,1030.0,591.0,5,0,90,5,0,0,0,0,0,0,100,1
410,708.0,234.0,0,63,0,0,0,37,0,0,0,0,100,1
411,501.0,372.0,2,30,38,28,1,0,0,0,0,1,100,1
412,1015.0,405.0,14,4,0,30,0,0,0,4,0,49,101,1
413,691.0,241.0,0,92,0,1,3,4,0,0,0,0,100,1
414,839.0,419.0,9,0,8,69,12,1,0,0,0,2,101,1
415,789.0,358.0,0,0,0,6,46,46,0,0,0,1,99,1
416,815.0,422.0,13,2,55,25,3,2,0,0,0,0,100,1
417,518.0,257.0,0,0,0,0,0,100,0,0,0,0,100,1
418,1176.0,386.0,9,0,1,24,4,0,0,0,0,63,101,1
419,1030.0,495.0,8,0,22,3,1,2,0,18,0,45,99,1
420,1163.0,573.0,17,0,31,51,1,0,0,0,0,0,100,1
421,1046.0,549.0,24,0,6,54,17,0,0,0,0,0,101,1
422,845.0,477.0,0,1,89,9,0,1,0,0,0,0,100,1
423,601.0,298.0,2,5,9,83,0,0,0,0,0,0,99,1
424,880.0,423.0,4,0,26,34,2,1,0,0,0,34,101,1
425,716.0,311.0,13,2,45,37,1,1,0,0,0,0,99,1
426,736.0,298.0,2,0,21,64,4,2,0,0,8,0,101,1
427,501.0,346.0,31,30,3,5,0,22,0,8,0,1,100,1
428,1083.0,187.0,1,0,11,79,9,0,0,0,0,0,100,1
429,1236.0,213.0,11,0,37,48,4,0,0,0,0,0,100,1
430,438.0,369.0,12,0,55,15,18,0,0,0,0,0,100,1
431,1054.0,353.0,0,0,54,9,6,1,0,0,0,31,101,1
432,144.0,432.0,0,0,0,13,11,57,0,19,0,0,100,1
433,509.0,221.0,1,12,0,1,21,65,0,0,0,0,100,1
434,967.0,575.0,1,0,80,9,8,0,0,0,0,1,99,1
435,1149.0,630.0,8,0,48,42,0,0,0,0,0,2,100,1
436,554.0,179.0,0,0,0,0,58,42,0,0,0,0,100,1
437,512.0,352.0,0,0,0,0,0,100,0,0,0,0,100,1
438,447.0,173.0,0,0,0,0,25,75,0,0,0,0,100,1
439,862.0,416.0,0,3,0,17,0,0,0,0,0,80,100,1
440,843.0,456.0,3,1,65,11,0,0,0,0,0,20,100,1
441,862.0,437.0,2,0,45,29,3,0,0,0,0,21,100,1
442,1142.0,412.0,3,0,73,22,2,0,0,0,0,0,100,1
443,1014.0,463.0,2,0,13,76,9,0,0,0,0,0,100,1
444,880.0,416.0,9,0,0,19,0,0,0,0,0,72,100,1
445,1131.0,583.0,0,0,9,34,1,0,11,2,40,3,100,1
446,765.0,433.0,0,0,81,13,5,0,0,0,0,1,100,1
447,930.0,487.0,0,0,97,3,0,0,0,0,0,0,100,1
448,1088.0,575.0,10,3,59,19,0,0,0,8,0,1,100,1
449,960.0,598.0,5,0,68,24,0,0,0,0,0,3,100,1
450,844.0,347.0,3,0,13,55,18,0,0,0,0,11,100,1
451,706.0,340.0,7,0,0,0,37,56,0,0,0,0,100,1
452,861.0,367.0,6,0,2,75,18,0,0,0,0,0,101,1
453,980.0,313.0,3,0,9,75,9,0,0,0,0,4,100,1
454,1169.0,441.0,55,0,41,4,0,0,0,0,0,0,100,1
455,917.0,396.0,33,3,1,33,16,12,0,1,0,2,101,1
456,557.0,233.0,0,0,0,0,47,53,0,0,0,0,100,1
457,974.0,565.0,10,0,65,20,5,0,0,0,0,0,100,1
458,1175.0,456.0,21,0,71,7,1,0,0,0,0,0,100,1
459,485.0,381.0,0,3,75,18,5,0,0,0,0,0,101,1
460,960.0,482.0,0,0,70,28,2,0,0,0,0,0,100,1
461,744.0,249.0,11,2,18,61,5,3,0,0,0,0,100,1
462,847.0,394.0,4,0,3,89,1,0,0,1,0,2,100,1
463,1176.0,345.0,0,0,44,48,8,0,0,0,0,0,100,1
464,605.0,254.0,22,8,7,40,15,9,0,0,0,0,101,1
465,1266.0,144.0,16,0,34,45,3,3,0,0,0,0,101,1
466,972.0,455.0,0,0,26,37,6,0,0,0,0,31,100,1
467,341.0,273.0,0,0,0,16,6,74,0,4,0,0,100,1
468,503.0,262.0,0,0,0,0,17,83,0,0,0,0,100,1
469,646.0,135.0,0,0,0,0,0,100,0,0,0,0,100,1
470,483.0,80.0,0,0,0,0,0,96,0,4,0,0,100,1
471,1161.0,459.0,7,0,85,7,1,0,0,0,0,0,100,1
472,931.0,390.0,3,0,2,90,4,0,0,0,0,1,100,1
473,435.0,231.0,0,0,0,0,54,39,0,7,0,0,100,1
474,715.0,423.0,4,0,91,3,2,0,0,0,0,0,100,1
475,1191.0,345.0,1,1,58,3,11,0,0,0,0,27,101,1
476,1183.0,287.0,12,0,8,79,1,0,0,0,0,0,100,1
477,849.0,483.0,24,0,64,0,12,0,0,0,0,0,100,1
478,795.0,396.0,0,0,0,2,60,38,0,0,0,0,100,1
479,1005.0,529.0,0,0,99,1,0,0,0,0,0,0,100,1
480,482.0,303.0,2,0,1,40,10,47,0,1,0,0,101,1
481,441.0,368.0,2,0,65,23,10,0,0,0,0,1,101,1
482,910.0,244.0,0,2,2,77,6,9,0,1,0,2,99,1
483,998.0,637.0,3,0,10,84,2,0,0,0,0,1,100,1
484,967.0,375.0,11,20,25,33,8,3,0,0,0,0,100,1
485,691.0,249.0,0,14,0,0,9,76,0,0,0,0,99,1
486,1036.0,463.0,7,0,79,14,1,0,0,0,0,0,101,1
487,1007.0,600.0,3,0,67,10,15,0,0,0,0,4,99,1
488,958.0,262.0,40,7,0,25,27,0,0,0,0,0,99,1
489,1006.0,387.0,4,1,20,6,1,0,0,0,0,68,100,1
490,610.0,276.0,18,76,0,3,2,0,0,0,0,0,99,1
491,596.0,314.0,4,1,18,5,1,0,0,72,0,0,101,1
492,1077.0,229.0,3,0,4,87,5,0,0,0,0,0,99,1
493,456.0,201.0,0,0,0,0,78,22,0,0,0,0,100,1
494,539.0,121.0,2,0,0,76,19,1,0,0,1,0,99,1
495,1186.0,584.0,33,0,19,42,5,0,0,0,0,2,101,1
496,1194.0,296.0,14,0,64,21,1,0,0,0,0,0,100,1
497,940.0,278.0,11,83,0,0,2,3,0,0,0,1,100,1
498,1114.0,414.0,0,0,0,1,0,0,0,0,0,99,100,1
499,596.0,279.0,1,4,1,89,4,1,0,0,0,0,100,1
500,1078.0,209.0,5,0,2,91,2,0,0,0,0,0,100,1
501,904.0,419.0,0,0,0,0,0,100,0,0,0,0,100,1
502,576.0,202.0,0,0,2,14,67,11,0,6,0,0,100,1
503,671.0,238.0,2,0,36,60,3,0,0,0,0,0,101,1
504,1162.0,542.0,10,0,8,76,4,0,0,0,0,1,99,1
505,1134.0,361.0,6,0,41,49,3,2,0,0,0,0,101,1
506,1042.0,452.0,0,0,46,52,1,0,0,0,0,0,99,1
507,941.0,256.0,0,0,0,0,66,33,0,2,0,0,101,1
508,486.0,327.0,0,0,0,0,0,100,0,0,0,0,100,1
509,549.0,282.0,1,12,0,45,34,9,0,0,0,0,101,1
510,294.0,331.0,0,0,0,21,49,30,0,0,0,0,100,1
511,676.0,262.0,0,0,1,27,43,29,0,0,0,1,101,1
512,1054.0,478.0,3,0,90,5,1,0,0,0,0,1,100,1
513,687.0,356.0,0,0,22,20,50,8,0,0,0,0,100,1
514,463.0,249.0,0,38,1,20,20,21,0,0,0,1,101,1
515,769.0,406.0,4,39,4,9,19,25,0,0,0,0,100,1
516,1194.0,313.0,24,1,20,35,18,1,0,0,0,1,100,1
517,901.0,450.0,1,0,4,18,1,0,0,0,0,77,101,1
518,431.0,194.0,1,0,0,0,7,93,0,0,0,0,101,1
519,575.0,134.0,0,5,0,0,0,87,0,0,3,0,95,1
520,912.0,406.0,1,1,1,34,47,15,0,0,0,0,99,1
521,1214.0,368.0,9,0,53,15,24,0,0,0,0,0,101,1
522,953.0,579.0,0,0,0,0,0,0,1,0,90,0,91,1
523,978.0,552.0,0,0,94,4,1,0,0,0,0,1,100,1
524,560.0,162.0,0,0,0,0,78,22,0,0,0,0,100,1
525,1154.0,293.0,33,5,43,12,6,0,0,0,0,1,100,1
526,1040.0,594.0,3,0,92,5,0,0,0,0,0,0,100,1
527,1242.0,240.0,5,0,53,30,3,0,0,0,8,0,99,1
528,914.0,517.0,8,0,78,1,12,1,0,0,0,0,100,1
529,925.0,293.0,1,0,26,65,8,0,0,0,0,1,101,1
530,1000.0,435.0,0,0,80,20,0,0,0,0,0,0,100,1
531,526.0,273.0,0,0,0,0,0,100,0,0,0,0,100,1
532,654.0,312.0,0,0,23,55,19,4,0,0,0,0,101,1
533,1226.0,190.0,0,0,63,37,0,0,0,0,0,0,100,1
534,375.0,233.0,0,0,2,0,0,95,0,4,0,0,101,1
535,426.0,213.0,4,0,0,0,81,8,0,7,0,0,100,1
536,680.0,259.0,4,0,16,78,1,0,0,0,0,1,100,1
537,772.0,340.0,4,25,9,45,14,1,0,3,0,0,101,1
538,859.0,443.0,6,0,61,15,8,0,0,0,0,11,101,1
539,550.0,348.0,0,2,89,2,0,0,0,0,0,7,100,1
540,760.0,345.0,4,0,28,61,8,0,0,0,0,0,101,1
541,951.0,389.0,4,1,0,27,3,0,0,0,0,65,100,1
542,513.0,171.0,0,0,0,0,72,27,0,1,0,0,100,1
543,599.0,265.0,9,0,51,33,7,0,0,0,0,0,100,1
544,526.0,217.0,0,0,0,0,2,98,0,0,0,0,100,1
545,474.0,268.0,0,3,0,0,0,97,0,0,0,0,100,1
546,1064.0,196.0,8,0,10,73,6,0,0,0,0,3,100,1
547,1016.0,461.0,2,0,29,55,0,0,0,0,0,13,99,1
548,464.0,403.0,0,1,27,62,11,0,0,0,0,0,101,1
549,930.0,375.0,3,0,59,27,11,0,0,0,0,0,100,1
550,378.0,245.0,0,94,0,0,2,4,0,0,0,0,100,1
551,590.0,356.0,5,9,40,45,1,0,0,0,0,0,100,1
552,892.0,353.0,27,0,38,16,4,0,0,2,0,14,101,1
553,635.0,246.0,16,0,2,24,0,0,0,0,0,58,100,1
554,1147.0,415.0,1,0,8,63,29,0,0,0,0,0,101,1
555,1059.0,466.0,1,0,29,59,12,0,0,0,0,0,101,1
556,1120.0,458.0,19,0,46,18,10,4,0,0,0,3,100,1
557,554.0,219.0,0,0,0,0,64,36,0,0,0,0,100,1
558,879.0,333.0,0,0,0,0,0,0,0,0,100,0,100,1
559,1026.0,350.0,5,10,26,57,1,0,0,0,0,0,99,1
560,707.0,246.0,0,85,0,0,10,5,0,0,0,0,100,1
561,490.0,237.0,28,16,1,15,8,19,0,9,0,4,100,1
562,972.0,321.0,0,0,16,82,1,0,0,0,0,1,100,1
563,517.0,184.0,2,0,0,0,94,4,0,0,0,0,100,1
564,1082.0,596.0,4,0,44,6,1,0,0,45,0,0,100,1
565,1087.0,581.0,8,3,70,14,0,0,0,1,0,4,100,1
566,847.0,476.0,0,0,86,5,8,0,0,0,0,1,100,1
567,1069.0,313.0,6,0,1,81,10,0,0,0,0,3,101,1
568,804.0,491.0,5,93,0,0,1,1,0,0,0,0,100,1
569,1182.0,315.0,34,0,36,5,15,9,0,0,0,0,99,1
570,1083.0,386.0,0,0,0,13,0,0,0,0,0,87,100,1
571,526.0,321.0,0,0,0,0,4,96,0,0,0,0,100,1
572,978.0,467.0,6,0,65,21,8,0,0,0,0,0,100,1
573,880.0,416.0,9,0,0,19,0,0,0,0,0,72,100,1
574,439.0,310.0,0,3,45,27,26,0,0,0,0,0,101,1
575,920.0,424.0,66,1,1,17,7,8,0,0,0,0,100,1
576,360.0,217.0,0,1,0,0,19,72,3,6,0,0,101,1
577,675.0,318.0,4,1,0,0,66,29,0,0,0,0,100,1
578,636.0,328.0,17,12,48,12,2,4,0,0,0,5,100,1
579,822.0,363.0,3,3,0,93,0,0,0,0,0,1,100,1
580,1165.0,523.0,20,28,25,16,0,0,0,0,0,11,100,1
581,1136.0,496.0,22,0,2,55,6,0,0,0,0,15,100,1
582,522.0,361.0,0,0,0,3,49,48,0,0,0,0,100,1
583,1045.0,314.0,0,7,0,12,34,46,0,1,0,0,100,1
584,337.0,249.0,0,0,0,0,0,100,0,0,0,0,100,1
585,1138.0,527.0,15,0,13,69,3,0,0,0,0,0,100,1
586,1005.0,279.0,4,12,2,17,53,13,0,0,0,0,101,1
587,965.0,255.0,0,0,0,0,0,0,11,0,74,0,85,1
588,1006.0,419.0,4,0,70,19,5,2,0,0,0,0,100,1
589,1162.0,503.0,19,0,43,33,6,0,0,0,0,0,101,1
590,945.0,530.0,2,0,96,2,0,0,0,0,0,1,101,1
591,146.0,439.0,0,0,0,55,44,0,0,1,0,0,100,1
592,1020.0,627.0,1,0,96,3,0,0,0,0,0,0,100,1
593,592.0,255.0,0,0,0,0,35,65,0,0,0,0,100,1
594,1245.0,222.0,8,31,51,9,1,0,0,0,0,0,100,1
595,933.0,421.0,0,0,0,97,3,0,0,0,0,0,100,1
596,977.0,490.0,2,0,49,34,14,0,0,0,0,1,100,1
597,741.0,352.0,41,14,16,7,13,10,0,0,0,0,101,1
598,701.0,293.0,0,0,3,0,71,26,0,0,0,0,100,1
599,855.0,462.0,1,0,80,12,5,0,0,0,0,2,100,1
600,897.0,535.0,0,0,100,0,0,0,0,0,0,0,100,1
601,797.0,434.0,5,0,56,36,3,0,0,0,0,0,100,1
602,657.0,381.0,1,0,93,1,5,0,0,0,0,0,100,1
603,748.0,349.0,8,0,44,27,14,6,0,1,0,0,100,1
604,423.0,192.0,0,1,0,0,2,97,0,0,0,0,100,1
605,654.0,323.0,3,5,14,47,30,2,0,0,0,0,101,1
606,1080.0,437.0,3,0,83,3,11,0,0,0,0,0,100,1
607,996.0,373.0,0,0,92,8,0,0,0,0,0,0,100,1
608,1002.0,637.0,0,0,77,20,2,0,0,0,0,1,100,1
609,1022.0,517.0,2,0,68,20,3,0,0,0,0,7,100,1
610,677.0,417.0,10,2,20,65,3,0,0,0,0,1,101,1
611,565.0,195.0,5,0,0,13,0,0,0,77,6,0,101,1
612,923.0,328.0,1,0,2,1,17,0,0,1,74,5,101,1
613,1188.0,331.0,0,0,50,46,3,0,0,0,0,1,100,1
614,1010.0,568.0,4,0,94,1,0,0,0,0,0,1,100,1
615,504.0,267.0,6,12,2,4,49,22,0,6,0,0,101,1
616,1107.0,262.0,5,1,0,29,4,0,0,0,0,61,100,1
617,1073.0,317.0,1,0,8,57,33,1,0,0,0,1,101,1
618,1260.0,274.0,9,3,9,15,0,0,42,1,16,4,99,1
619,1165.0,598.0,70,18,4,3,3,0,0,0,0,1,99,1
620,684.0,414.0,22,13,14,40,9,0,0,0,0,3,101,1
621,1105.0,568.0,9,0,13,16,0,0,0,0,0,62,100,1
622,1138.0,408.0,1,0,36,55,8,0,0,1,0,0,101,1
623,905.0,434.0,5,1,36,42,10,2,0,1,0,4,101,1
624,894.0,375.0,12,0,5,3,4,1,0,5,0,70,100,1
625,1134.0,603.0,0,0,0,0,0,0,72,0,28,0,100,1
626,804.0,418.0,15,1,13,36,27,0,0,0,0,8,100,1
627,884.0,436.0,13,45,24,18,0,0,0,1,0,0,101,1
628,1268.0,140.0,1,0,36,22,16,26,0,0,0,0,101,1
629,962.0,523.0,0,0,96,0,4,0,0,0,0,0,100,1
630,536.0,272.0,0,0,0,0,0,100,0,0,0,0,100,1
631,628.0,321.0,0,2,0,5,0,0,0,0,0,93,100,1
632,1143.0,633.0,8,0,50,32,1,1,0,4,0,4,100,1
633,1239.0,249.0,14,0,0,19,0,0,0,0,0,68,101,1
634,1019.0,258.0,16,4,4,33,10,0,0,1,1,30,99,1
635,1086.0,201.0,18,18,5,50,7,0,0,0,0,3,101,1
636,515.0,331.0,0,0,0,0,4,96,0,0,0,0,100,1
637,1049.0,637.0,1,0,97,2,1,0,0,0,0,0,101,1
638,491.0,284.0,6,22,6,34,11,21,0,0,0,0,100,1
639,1051.0,311.0,5,0,2,13,76,4,0,0,0,0,100,1
640,727.0,387.0,0,0,9,79,11,2,0,0,0,0,101,1
641,1127.0,601.0,3,0,13,23,18,0,3,8,23,3,94,1
642,544.0,204.0,0,0,0,0,5,95,0,0,0,0,100,1
643,457.0,344.0,0,22,0,41,35,2,0,0,0,0,100,1
644,620.0,215.0,1,94,0,4,1,0,0,0,0,0,100,1
645,771.0,319.0,0,2,2,77,19,1,0,0,0,0,101,1
646,523.0,364.0,9,3,30,25,5,22,0,6,0,0,100,1
647,1194.0,310.0,4,0,20,70,5,0,0,0,0,1,100,1
648,928.0,508.0,0,0,86,1,10,0,0,3,0,0,100,1
649,534.0,195.0,0,0,0,0,74,26,0,0,0,0,100,1
650,1170.0,338.0,0,0,49,44,8,0,0,0,0,0,101,1
651,609.0,179.0,4,85,0,3,0,0,0,8,0,0,100,1
652,607.0,248.0,0,7,0,0,22,67,0,4,0,0,100,1
653,1140.0,606.0,19,0,7,43,4,0,0,0,0,26,99,1
654,728.0,242.0,1,98,0,0,1,0,0,0,0,0,100,1
655,866.0,470.0,5,0,71,21,2,0,0,0,0,1,100,1
656,671.0,362.0,2,4,84,3,7,0,0,0,0,0,100,1
657,737.0,356.0,37,10,4,32,17,0,0,0,0,0,100,1
658,719.0,365.0,0,81,0,0,0,19,0,0,0,0,100,1
659,987.0,628.0,1,0,49,24,0,0,0,0,0,25,99,1
660,507.0,384.0,5,3,16,47,18,10,0,0,0,0,99,1
661,790.0,486.0,0,0,73,19,4,0,0,0,0,4,100,1
662,431.0,200.0,0,0,0,0,0,100,0,0,0,0,100,1
663,1253.0,262.0,0,0,81,19,0,0,0,0,0,0,100,1
664,421.0,284.0,2,3,37,59,0,0,0,0,0,0,101,1
665,609.0,257.0,0,0,1,0,98,1,0,0,0,0,100,1
666,584.0,242.0,0,0,0,0,3,97,0,0,0,0,100,1
667,1069.0,343.0,4,5,69,4,18,0,0,0,0,0,100,1
668,454.0,251.0,5,0,40,35,15,0,0,4,0,1,100,1
669,882.0,354.0,3,0,65,22,6,0,0,0,0,5,101,1
670,945.0,318.0,9,0,26,56,7,1,0,0,0,1,100,1
671,653.0,277.0,1,0,27,55,10,8,0,0,0,0,101,1
672,1020.0,467.0,1,0,70,27,3,0,0,0,0,0,101,1
673,972.0,380.0,1,1,31,68,0,0,0,0,0,0,101,1
674,904.0,391.0,0,0,5,14,0,1,0,5,0,74,99,1
675,981.0,371.0,1,0,73,22,2,0,0,1,0,1,100,1
676,1089.0,551.0,13,0,78,6,0,0,0,0,0,3,100,1
677,1158.0,596.0,12,0,42,45,1,0,0,0,0,0,100,1
678,828.0,436.0,19,0,78,2,1,0,0,0,0,0,100,1
679,509.0,296.0,0,0,0,0,0,100,0,0,0,0,100,1
680,1122.0,359.0,0,0,0,6,0,0,0,0,0,94,100,1
681,1134.0,489.0,30,27,5,29,5,3,0,0,0,1,100,1
682,902.0,464.0,8,0,82,2,8,0,0,0,0,0,100,1
683,740.0,319.0,3,2,0,8,0,87,0,0,0,0,100,1
684,1111.0,580.0,33,0,0,34,0,0,0,0,0,34,101,1
685,784.0,352.0,6,0,0,23,30,41,0,0,0,0,100,1
686,1035.0,497.0,1,0,42,51,1,0,0,0,0,6,101,1
687,718.0,319.0,4,3,37,28,27,2,0,0,0,0,101,1
688,1181.0,538.0,20,2,25,48,5,0,0,0,0,0,100,1
689,1248.0,289.0,8,0,62,29,1,0,0,0,0,0,100,1
690,967.0,278.0,0,57,0,0,29,14,0,0,0,0,100,1
691,717.0,414.0,10,0,72,18,0,0,0,0,0,0,100,1
692,1244.0,254.0,24,0,8,29,0,0,0,0,0,39,100,1
693,1155.0,368.0,11,0,51,30,4,2,0,0,0,3,101,1
694,628.0,370.0,15,4,26,38,15,1,0,0,0,0,99,1
695,1056.0,223.0,8,1,11,53,24,0,0,2,0,2,101,1
696,1064.0,432.0,0,0,70,18,13,0,0,0,0,0,101,1
697,1061.0,275.0,3,0,1,81,14,0,0,0,0,1,100,1
698,847.0,466.0,1,0,57,8,3,1,0,0,0,30,100,1
699,855.0,488.0,11,0,85,0,4,0,0,0,0,0,100,1
700,1020.0,567.0,9,0,65,24,2,0,0,0,0,0,100,1
701,874.0,479.0,0,0,90,5,0,0,0,0,0,5,100,1
702,1078.0,410.0,4,0,71,9,15,0,0,0,0,0,99,1
703,1007.0,433.0,10,0,12,22,0,0,0,0,0,56,100,1
704,535.0,344.0,7,19,2,0,49,17,0,6,0,0,100,1
705,1097.0,546.0,13,0,4,25,0,0,0,0,0,58,100,1
706,1062.0,307.0,1,4,0,31,64,0,0,0,0,0,100,1
707,1264.0,138.0,6,0,34,24,3,10,0,0,13,1,91,1
708,706.0,404.0,1,1,6,10,47,8,0,28,0,0,101,1
709,1003.0,365.0,26,1,27,45,1,0,0,0,0,0,100,1
710,985.0,432.0,3,0,41,29,11,0,0,4,0,12,100,1
711,1154.0,571.0,11,0,35,51,0,0,0,1,0,2,100,1
712,957.0,259.0,30,0,0,31,32,3,0,4,0,0,100,1
713,841.0,512.0,0,0,83,5,9,3,0,0,0,0,100,1
714,1259.0,168.0,3,0,40,18,2,38,0,0,0,0,101,1
715,512.0,240.0,0,0,0,0,0,100,0,0,0,0,100,1
716,1192.0,379.0,7,0,9,76,7,0,0,0,0,1,100,1
717,1111.0,434.0,3,0,44,34,18,0,0,0,0,0,99,1
718,680.0,296.0,2,2,8,52,33,3,0,0,0,0,100,1
719,905.0,404.0,17,1,7,21,10,7,0,0,0,38,101,1
720,1007.0,437.0,0,0,0,19,0,0,0,0,0,81,100,1
721,984.0,539.0,4,0,84,13,0,0,0,0,0,0,101,1
722,409.0,105.0,0,0,0,0,13,82,0,5,0,0,100,1
723,784.0,427.0,0,1,1,16,0,0,0,0,0,83,101,1
724,923.0,229.0,0,0,0,16,23,6,9,0,47,0,101,1
725,595.0,337.0,0,0,82,16,2,0,0,0,0,1,101,1
726,436.0,276.0,0,11,47,26,13,3,0,0,0,0,100,1
727,980.0,623.0,3,0,66,23,8,0,0,0,0,0,100,1
728,940.0,287.0,3,0,1,76,19,1,0,0,0,0,100,1
729,617.0,175.0,1,1,0,0,1,95,0,2,0,0,100,1
730,931.0,313.0,6,0,4,67,12,11,0,0,0,0,100,1
731,1049.0,589.0,4,0,95,0,0,0,0,0,0,1,100,1
732,1144.0,339.0,14,0,16,59,8,2,0,0,0,1,100,1
733,654.0,302.0,0,6,37,37,14,7,0,0,0,0,101,1
734,508.0,349.0,0,21,0,0,0,79,0,0,0,0,100,1
735,495.0,293.0,0,0,0,0,6,94,0,0,0,0,100,1
736,916.0,325.0,4,0,58,31,3,0,0,0,0,4,100,1
737,982.0,448.0,5,0,61,15,12,3,0,2,0,2,100,1
738,1255.0,268.0,10,0,59,27,3,0,0,0,0,1,100,1
739,553.0,336.0,2,5,53,38,1,1,0,0,0,0,100,1
740,551.0,176.0,0,0,0,0,14,85,0,1,0,0,100,1
741,868.0,428.0,3,0,0,9,0,0,0,0,0,88,100,1
742,1061.0,300.0,3,1,0,81,15,0,0,0,0,0,100,1
743,1070.0,362.0,13,13,42,17,13,0,0,0,0,1,99,1
744,628.0,288.0,3,14,12,64,6,0,0,0,0,0,99,1
745,948.0,444.0,1,0,32,11,17,2,0,0,0,39,102,1
746,1129.0,458.0,29,0,33,36,2,0,0,0,0,1,101,1
747,945.0,384.0,5,0,0,20,8,5,0,0,0,61,99,1
748,860.0,447.0,1,0,74,18,7,1,0,0,0,0,101,1
749,776.0,350.0,1,3,0,84,7,5,0,0,0,1,101,1
750,1197.0,277.0,0,0,68,15,3,0,0,0,0,13,99,1
751,1203.0,335.0,8,18,20,47,5,0,0,0,0,2,100,1
752,1070.0,255.0,5,4,1,68,22,1,0,0,0,0,101,1
753,457.0,278.0,0,2,0,0,0,98,0,0,0,0,100,1
754,1142.0,566.0,3,0,84,11,0,0,0,0,0,2,100,1
755,719.0,359.0,0,0,0,0,0,100,0,0,0,0,100,1
756,944.0,279.0,23,62,1,5,4,0,0,2,0,3,100,1
757,893.0,365.0,0,0,7,19,0,0,0,0,0,74,100,1
758,438.0,376.0,1,2,60,36,1,0,0,0,0,0,100,1
759,709.0,417.0,13,16,26,32,13,0,0,0,0,0,100,1
760,954.0,321.0,5,0,21,44,9,21,0,0,0,0,100,1
761,700.0,241.0,8,62,0,0,22,9,0,0,0,0,101,1
762,680.0,290.0,0,0,0,0,8,92,0,0,0,0,100,1
763,733.0,362.0,24,0,6,51,18,1,0,0,0,0,100,1
764,866.0,466.0,0,0,83,15,2,0,0,0,0,0,100,1
765,867.0,507.0,0,1,0,31,0,0,0,0,0,69,101,1
766,919.0,337.0,3,0,8,1,0,0,1,8,66,13,100,1
767,763.0,432.0,11,0,50,9,9,13,0,0,0,9,101,1
768,984.0,573.0,36,0,50,14,0,0,0,0,0,0,100,1
769,778.0,401.0,0,1,6,72,17,4,0,0,0,1,101,1
770,895.0,330.0,0,0,75,16,6,0,0,0,0,3,100,1
771,1027.0,256.0,2,0,1,90,7,0,0,0,0,0,100,1
772,1059.0,303.0,0,4,0,0,97,0,0,0,0,0,101,1
773,1224.0,241.0,6,0,37,50,7,0,0,0,0,0,100,1
774,1225.0,197.0,1,0,45,9,0,0,14,0,32,0,101,1
775,969.0,325.0,12,15,10,43,11,8,0,0,0,0,99,1
776,1023.0,258.0,2,0,0,76,21,0,0,0,0,1,100,1
777,1039.0,401.0,3,0,10,77,9,0,0,0,0,0,99,1
778,821.0,487.0,0,0,58,35,7,0,0,0,0,0,100,1
779,1186.0,479.0,42,0,42,8,8,0,0,0,0,0,100,1
780,476.0,177.0,0,0,0,0,37,63,0,0,0,0,100,1
781,480.0,340.0,0,0,0,0,0,100,0,0,0,0,100,1
782,614.0,209.0,0,0,0,0,15,85,0,0,0,0,100,1
783,885.0,401.0,0,0,0,0,7,93,0,0,0,0,100,1
784,1100.0,596.0,5,0,44,28,0,0,0,6,0,16,99,1
785,1020.0,571.0,14,0,11,75,0,0,0,0,0,0,100,1
786,656.0,380.0,7,4,80,6,3,0,0,0,0,0,100,1
787,727.0,205.0,30,11,0,35,11,3,0,2,1,0,93,1
788,633.0,326.0,8,0,53,17,16,0,0,0,0,6,100,1
789,959.0,592.0,0,0,100,0,0,0,0,0,0,0,100,1
790,969.0,604.0,14,21,30,23,11,0,0,0,0,1,100,1
791,365.0,271.0,0,88,0,0,3,9,0,0,0,0,100,1
792,798.0,497.0,9,1,7,22,25,35,0,0,0,0,99,1
793,504.0,376.0,8,42,21,23,5,3,0,0,0,0,102,1
794,1063.0,540.0,8,0,88,4,0,0,0,0,0,0,100,1
795,558.0,346.0,0,0,61,19,19,0,0,0,0,1,100,1
796,1211.0,267.0,32,5,17,43,3,0,0,0,0,0,100,1
797,578.0,184.0,1,87,0,0,0,12,0,0,0,0,100,1
798,1153.0,606.0,9,0,42,49,0,0,0,0,0,1,101,1
799,1065.0,511.0,0,0,68,19,10,0,0,1,0,2,100,1
800,996.0,591.0,2,6,72,11,9,0,0,0,0,0,100,1
801,895.0,331.0,0,1,66,25,7,0,0,0,0,1,100,1
802,828.0,399.0,0,0,0,0,28,72,0,0,0,0,100,1
803,552.0,280.0,19,43,1,34,3,0,0,0,0,1,101,1
804,900.0,497.0,2,0,87,3,2,0,0,0,0,5,99,1
805,1061.0,372.0,1,0,59,23,15,2,0,0,0,1,101,1
806,1157.0,498.0,36,0,26,26,4,0,0,0,0,8,100,1
807,1005.0,505.0,1,0,84,15,0,0,0,0,0,0,100,1
808,514.0,194.0,0,0,0,0,44,56,0,0,0,0,100,1
809,794.0,313.0,3,2,0,24,59,12,0,0,0,0,100,1
810,858.0,432.0,4,1,19,62,14,0,0,0,0,0,100,1
811,363.0,237.0,0,0,0,0,3,97,0,0,0,0,100,1
812,1168.0,355.0,4,1,51,32,6,0,0,0,0,5,99,1
813,805.0,377.0,0,0,0,3,7,90,0,0,0,0,100,1
814,742.0,379.0,4,4,0,82,9,2,0,0,0,1,102,1
815,965.0,340.0,6,1,15,40,1,0,0,25,0,12,100,1
816,841.0,494.0,0,0,99,0,0,0,0,0,0,1,100,1
817,978.0,625.0,5,0,49,41,4,0,0,0,0,2,101,1
818,1114.0,378.0,13,6,53,23,3,0,0,0,0,3,101,1
819,1066.0,528.0,12,3,74,12,0,0,0,0,0,0,101,1
820,1144.0,359.0,4,0,26,55,10,0,0,5,0,1,101,1
821,715.0,364.0,4,66,0,0,0,30,0,0,0,0,100,1
822,1026.0,601.0,2,0,59,32,7,0,0,0,0,0,100,1
823,1188.0,353.0,7,0,32,60,0,0,0,0,0,0,99,1
824,1107.0,528.0,1,0,0,17,0,0,0,0,0,83,101,1
825,965.0,557.0,0,0,0,0,0,0,68,0,32,0,100,1
826,397.0,103.0,0,0,0,0,0,100,0,0,0,0,100,1
827,1155.0,361.0,2,0,20,66,4,0,0,0,0,8,100,1
828,931.0,396.0,3,1,1,51,15,30,0,0,0,0,101,1
829,548.0,207.0,10,80,0,0,1,9,0,1,0,0,101,1
830,1049.0,350.0,37,4,43,16,0,0,0,0,0,0,100,1
831,989.0,540.0,0,0,88,8,2,0,0,0,0,2,100,1
832,483.0,301.0,0,99,0,0,0,1,0,0,0,0,100,1
833,1209.0,276.0,17,0,53,30,0,0,0,0,0,0,100,1
834,1094.0,407.0,9,1,19,51,18,0,0,0,0,3,101,1
835,716.0,255.0,0,38,0,0,43,20,0,0,0,0,101,1
836,644.0,260.0,30,1,2,21,4,0,0,0,0,43,101,1
837,729.0,201.0,2,0,34,60,0,4,0,0,0,0,100,1
838,443.0,395.0,0,1,23,57,19,1,0,0,0,0,101,1
839,919.0,383.0,4,0,6,8,8,0,0,0,0,74,100,1
840,475.0,262.0,2,33,1,22,30,11,0,0,0,1,100,1
841,778.0,313.0,12,5,1,41,38,0,0,2,0,0,99,1
842,533.0,266.0,0,0,0,0,13,87,0,0,0,0,100,1
843,836.0,503.0,0,0,98,0,0,0,0,0,0,2,100,1
844,903.0,527.0,19,0,79,2,0,0,0,0,0,0,100,1
845,1014.0,532.0,0,0,98,2,0,0,0,0,0,0,100,1
846,1249.0,278.0,4,0,59,36,1,0,0,0,0,1,101,1
847,1176.0,441.0,22,26,10,38,1,2,0,0,0,1,100,1
848,1169.0,336.0,0,0,35,62,3,0,0,0,0,1,101,1
849,960.0,590.0,0,0,97,2,0,0,0,0,0,1,100,1
850,1057.0,404.0,0,0,14,14,0,1,0,0,0,71,100,1
851,820.0,510.0,0,0,77,20,2,0,0,0,0,2,101,1
852,1144.0,419.0,13,0,18,1,69,0,0,0,0,0,101,1
853,1161.0,276.0,1,0,0,18,81,0,0,0,0,0,100,1
854,1092.0,466.0,0,0,31,65,3,0,0,0,0,0,99,1
855,698.0,267.0,0,42,0,3,40,14,0,0,0,0,99,1
856,1098.0,441.0,0,0,61,34,4,1,0,0,0,0,100,1
857,464.0,75.0,0,1,0,4,42,11,0,28,13,0,99,1
858,882.0,364.0,0,0,0,0,0,100,0,0,0,0,100,1
859,107.0,445.0,0,0,0,0,15,82,0,2,0,0,99,1
860,928.0,404.0,1,0,0,51,41,4,0,3,0,0,100,1
861,1190.0,492.0,15,0,46,18,18,4,0,0,0,0,101,1
862,281.0,335.0,0,0,0,1,1,98,0,0,0,0,100,1
863,1012.0,549.0,0,0,42,13,45,0,0,0,0,0,100,1
864,1049.0,504.0,0,0,0,16,0,0,0,0,0,84,100,1
865,1260.0,176.0,13,0,25,59,2,0,0,0,0,1,100,1
866,986.0,404.0,17,70,2,0,3,7,0,1,0,0,100,1
867,676.0,286.0,5,1,0,13,81,0,0,0,0,0,100,1
868,1027.0,617.0,1,1,97,0,0,0,0,0,0,1,100,1
869,398.0,241.0,4,75,2,8,0,6,0,5,0,0,100,1
870,905.0,521.0,0,0,88,4,0,0,0,0,0,8,100,1
871,355.0,275.0,0,0,0,0,82,18,0,0,0,0,100,1
872,760.0,243.0,4,1,68,25,3,0,0,0,0,0,101,1
873,1025.0,436.0,11,0,15,23,15,0,0,0,0,37,101,1
874,664.0,189.0,4,5,2,24,41,24,0,0,1,0,101,1
875,749.0,415.0,4,1,27,61,5,0,0,0,0,2,100,1
876,1021.0,392.0,1,0,33,48,1,0,0,0,0,19,102,1
877,1124.0,316.0,3,0,0,33,1,0,0,0,0,63,100,1
878,875.0,530.0,0,0,99,0,1,0,0,0,0,0,100,1
879,1184.0,575.0,19,0,2,33,7,0,0,0,0,39,100,1
880,737.0,430.0,16,4,17,18,11,0,0,0,0,34,100,1
881,638.0,274.0,13,0,0,47,0,0,0,0,0,40,100,1
882,1187.0,515.0,3,0,21,75,0,0,0,0,0,1,100,1
883,779.0,386.0,4,0,0,12,25,58,0,0,0,1,100,1
884,1054.0,373.0,1,0,41,56,0,0,0,1,0,1,100,1
885,351.0,131.0,0,0,0,26,33,35,0,3,0,3,100,1
886,472.0,354.0,2,1,51,41,4,1,0,0,0,0,100,1
887,1105.0,435.0,0,0,60,29,11,0,0,0,0,0,100,1
888,944.0,529.0,0,0,100,0,0,0,0,0,0,0,100,1
889,494.0,269.0,0,0,0,0,0,100,0,0,0,0,100,1
890,684.0,169.0,0,57,0,25,13,5,0,0,0,0,100,1
891,1032.0,418.0,6,0,17,73,4,0,0,0,0,0,100,1
892,921.0,303.0,12,0,30,56,1,0,0,0,0,1,100,1
893,615.0,278.0,6,9,0,20,28,28,0,0,0,9,100,1
894,1040.0,634.0,14,0,35,47,2,0,0,0,0,2,100,1
895,1162.0,537.0,31,0,28,40,0,0,0,0,0,0,99,1
896,551.0,286.0,20,1,2,62,2,11,0,0,0,2,100,1
897,1116.0,501.0,42,25,22,3,0,6,0,1,0,1,100,1
898,1111.0,480.0,1,0,88,9,0,0,0,0,0,1,99,1
899,1109.0,347.0,3,0,22,39,1,0,0,0,0,34,99,1
900,367.0,124.0,0,0,0,0,6,92,0,3,0,0,101,1
901,849.0,388.0,14,1,0,80,3,0,0,0,0,2,100,1
902,1201.0,428.0,6,2,8,41,9,21,0,0,0,14,101,1
903,1276.0,171.0,16,4,47,34,0,0,0,0,0,0,101,1
904,1107.0,403.0,0,0,8,88,4,0,0,0,0,0,100,1
905,672.0,348.0,1,2,25,46,25,2,0,0,0,0,101,1
906,1070.0,386.0,5,0,53,32,3,0,0,7,0,0,100,1
907,1090.0,593.0,5,0,93,2,0,0,0,1,0,0,101,1
908,640.0,367.0,1,0,0,0,36,64,0,0,0,0,101,1
909,1202.0,420.0,57,6,29,4,3,1,0,0,0,0,100,1
910,1223.0,249.0,8,0,38,49,3,0,0,1,0,1,100,1
911,1184.0,442.0,15,0,0,7,0,0,0,0,0,78,100,1
912,1160.0,312.0,7,0,1,13,48,31,0,0,0,0,100,1
913,293.0,347.0,0,0,0,5,10,85,0,0,0,0,100,1
914,453.0,173.0,0,4,0,0,64,30,0,2,0,0,100,1
915,1010.0,331.0,2,1,23,75,0,0,0,0,0,0,101,1
916,1154.0,343.0,2,0,12,85,1,0,0,0,0,1,101,1
917,1038.0,627.0,2,0,96,2,0,0,0,0,0,1,101,1
918,1049.0,593.0,2,0,93,4,1,0,0,0,0,0,100,1
919,1245.0,198.0,1,0,1,15,5,73,0,0,0,4,99,1
920,456.0,268.0,0,0,21,12,0,0,0,0,0,67,100,1
921,1057.0,340.0,1,1,55,27,9,0,0,7,0,0,100,1
922,1061.0,255.0,5,79,0,10,6,1,0,0,0,0,101,1
923,577.0,254.0,0,0,0,0,8,92,0,0,0,0,100,1
924,1023.0,385.0,4,0,65,6,7,0,0,0,0,17,99,1
925,988.0,296.0,15,1,3,25,38,18,0,0,0,0,100,1
926,894.0,532.0,6,0,64,1,3,2,0,0,3,20,99,1
927,859.0,393.0,1,0,0,59,31,7,0,1,0,1,100,1
928,941.0,283.0,0,0,0,89,11,0,0,0,0,0,100,1
929,991.0,275.0,1,77,5,1,4,10,0,0,0,2,100,1
930,1049.0,468.0,3,0,55,35,4,0,0,1,0,2,100,1
931,1002.0,380.0,7,1,89,2,1,0,0,0,0,0,100,1
932,449.0,83.0,0,0,0,0,0,77,0,21,0,0,98,1
933,1023.0,274.0,17,8,5,22,41,7,0,0,0,1,101,1
934,1127.0,289.0,21,0,24,35,2,0,0,0,17,1,100,1
935,1098.0,415.0,3,0,27,24,12,2,0,3,0,30,101,1
936,1104.0,542.0,5,0,1,8,1,0,0,0,0,85,100,1
937,552.0,179.0,0,0,0,0,34,66,0,0,0,0,100,1
938,954.0,592.0,0,0,0,0,0,0,0,0,100,0,100,1
939,646.0,243.0,13,0,3,64,20,0,0,0,0,0,100,1
940,1174.0,367.0,10,8,45,33,3,0,0,0,0,0,99,1
941,983.0,378.0,1,10,65,24,0,0,0,0,0,0,100,1
942,1133.0,452.0,2,0,16,14,10,5,0,1,0,52,100,1
943,703.0,266.0,0,77,0,0,2,21,0,0,0,0,100,1
944,869.0,463.0,4,0,70,16,3,0,0,5,2,0,100,1
945,750.0,395.0,17,10,0,44,18,10,0,0,0,0,99,1
946,866.0,463.0,5,0,54,1,4,0,0,2,0,34,100,1
947,1198.0,264.0,0,0,100,0,0,0,0,0,0,0,100,1
948,1216.0,269.0,1,0,0,26,56,17,0,0,0,0,100,1
949,781.0,419.0,0,12,65,19,0,0,0,0,0,3,99,1
950,788.0,370.0,0,0,0,73,26,1,0,0,0,0,100,1
951,663.0,400.0,1,2,3,68,15,11,0,0,0,0,100,1
952,1193.0,324.0,0,0,49,42,9,0,0,0,0,0,100,1
953,1209.0,353.0,8,0,48,40,4,0,0,0,0,0,100,1
954,416.0,105.0,0,0,0,0,4,91,0,3,1,0,99,1
955,975.0,436.0,2,1,44,22,30,0,0,0,0,1,100,1
956,469.0,288.0,0,0,0,0,3,97,0,0,0,0,100,1
957,927.0,536.0,17,0,58,12,12,0,0,0,0,1,100,1
958,843.0,494.0,2,0,91,6,1,0,0,0,0,0,100,1
959,813.0,458.0,34,4,35,25,2,0,0,0,0,1,101,1
960,1154.0,364.0,7,0,34,57,1,0,0,0,0,1,100,1
961,1003.0,365.0,26,1,27,45,1,0,0,0,0,0,100,1
962,499.0,385.0,10,6,27,39,3,3,0,7,0,5,100,1
963,1080.0,221.0,23,0,3,54,17,2,0,0,0,0,99,1
964,374.0,141.0,0,0,0,0,26,51,0,2,2,0,81,1
965,1013.0,352.0,0,0,86,14,0,0,0,0,0,0,100,1
966,728.0,399.0,1,0,14,59,25,1,0,0,0,0,100,1
967,1271.0,143.0,5,0,47,43,2,0,0,3,0,1,101,1
968,515.0,372.0,0,81,0,0,0,19,0,0,0,0,100,1
969,1152.0,469.0,1,0,84,11,4,0,0,0,0,1,101,1
970,987.0,379.0,14,21,18,41,0,0,0,6,0,0,100,1
971,933.0,548.0,0,0,83,15,2,0,0,0,0,0,100,1
972,496.0,232.0,2,59,0,0,29,8,0,2,0,0,100,1
973,630.0,237.0,28,13,0,38,20,0,0,2,0,0,101,1
974,592.0,273.0,0,37,0,1,63,0,0,0,0,0,101,1
975,334.0,253.0,0,0,0,0,67,32,0,1,0,0,100,1
976,924.0,256.0,7,0,6,86,1,0,0,0,0,0,100,1
977,1030.0,267.0,2,0,1,62,35,0,0,0,0,0,100,1
978,621.0,183.0,0,20,0,0,20,60,0,0,0,0,100,1
979,907.0,344.0,2,0,15,15,3,0,0,1,0,64,100,1
980,885.0,402.0,0,0,0,0,5,95,0,0,0,0,100,1
981,732.0,315.0,1,0,76,22,0,1,0,0,0,0,100,1
982,1151.0,411.0,3,0,2,0,95,0,0,0,0,0,100,1
983,716.0,371.0,0,58,1,0,39,3,0,0,0,0,101,1
984,1205.0,240.0,6,0,45,48,2,0,0,0,0,0,101,1
985,819.0,412.0,8,0,0,12,9,70,0,0,0,1,100,1
986,1011.0,405.0,0,3,0,3,0,0,0,0,0,94,100,1
987,1035.0,533.0,0,0,98,2,0,0,0,0,0,0,100,1
988,1032.0,416.0,5,0,50,39,5,0,0,0,0,1,100,1
989,592.0,334.0,2,0,31,67,1,1,0,0,0,0,102,1
990,1178.0,513.0,1,0,26,64,10,0,0,0,0,0,101,1
991,1037.0,596.0,12,0,36,32,5,0,0,0,0,15,100,1
992,379.0,100.0,0,0,0,0,27,66,0,0,0,0,93,1
993,1170.0,254.0,7,0,13,78,1,1,0,0,0,0,100,1
994,969.0,294.0,5,52,1,6,27,9,0,0,0,0,100,1
995,710.0,244.0,0,0,0,0,93,7,0,0,0,0,100,1
996,855.0,423.0,19,8,10,43,13,2,0,0,0,4,99,1
997,563.0,311.0,13,66,8,6,1,0,0,5,0,0,99,1
998,976.0,319.0,16,7,12,64,1,1,0,0,0,0,101,1
999,999.0,412.0,10,4,60,19,3,4,0,0,0,1,101,1
1000,579.0,259.0,3,72,0,4,20,0,0,1,0,0,100,1
1001,938.0,497.0,3,0,92,1,2,0,0,0,0,2,100,1
1002,594.0,245.0,0,2,0,0,1,97,0,0,0,0,100,1
1003,1128.0,382.0,3,2,22,40,26,0,0,0,0,6,99,1
1004,886.0,424.0,0,0,35,32,13,1,0,0,0,20,101,1
1005,1198.0,375.0,9,0,46,35,10,0,0,0,0,0,100,1
1006,908.0,525.0,0,2,84,15,0,0,0,0,0,0,101,1
1007,939.0,246.0,7,0,5,74,14,0,0,0,0,0,100,1
1008,390.0,281.0,0,0,1,0,27,71,0,0,0,0,99,1
1009,1090.0,274.0,14,0,1,38,38,9,0,0,0,1,101,1
1010,749.0,421.0,4,15,33,27,6,0,0,0,0,14,99,1
1011,862.0,341.0,1,1,5,92,0,0,0,0,0,1,100,1
1012,1204.0,394.0,6,0,8,32,2,0,0,0,0,52,100,1
1013,653.0,242.0,3,0,3,57,3,0,0,1,0,32,99,1
1014,678.0,272.0,0,13,0,0,50,36,0,0,0,0,99,1
1015,1000.0,438.0,15,1,59,22,2,2,0,0,0,0,101,1
1016,1009.0,358.0,7,0,6,88,0,0,0,0,0,0,101,1
1017,371.0,253.0,2,0,0,0,71,27,0,0,0,0,100,1
1018,361.0,248.0,0,0,0,0,64,36,0,0,0,0,100,1
1019,515.0,387.0,0,0,35,53,2,1,3,2,5,0,101,1
1020,526.0,286.0,0,0,0,0,0,100,0,0,0,0,100,1
1021,628.0,282.0,7,7,0,18,30,39,0,0,0,0,101,1
1022,1008.0,640.0,5,0,48,36,4,0,0,3,0,4,100,1
1023,398.0,226.0,0,0,0,0,84,16,0,0,0,0,100,1
1024,883.0,361.0,14,0,14,24,4,1,0,43,0,0,100,1
1025,1007.0,489.0,44,6,38,5,5,0,0,0,0,2,100,1
1026,356.0,248.0,0,0,0,0,95,5,0,0,0,0,100,1
1027,1194.0,342.0,2,0,15,60,24,0,0,0,0,0,101,1
1028,1142.0,504.0,39,2,9,47,0,0,0,0,0,3,100,1
1029,736.0,300.0,0,0,0,0,0,0,4,0,97,0,101,1
1030,1150.0,363.0,19,5,34,35,7,0,0,0,0,0,100,1
1031,523.0,372.0,0,2,89,10,0,0,0,0,0,0,101,1
1032,841.0,339.0,0,0,0,0,0,0,15,0,84,0,99,1
1033,880.0,421.0,11,2,18,13,11,12,0,4,0,30,101,1
1034,1145.0,403.0,0,0,35,0,65,0,0,0,0,0,100,1
1035,741.0,440.0,0,0,0,3,0,0,12,0,7,77,99,1
1036,385.0,246.0,0,0,0,0,12,88,0,0,0,0,100,1
1037,847.0,504.0,0,0,81,17,1,0,0,0,0,1,100,1
1038,560.0,215.0,0,0,0,0,41,59,0,0,0,0,100,1
1039,528.0,324.0,0,23,0,0,36,41,0,0,0,0,100,1
1040,1008.0,474.0,0,0,52,46,2,0,0,0,0,0,100,1
1041,999.0,537.0,0,0,86,14,0,0,0,0,0,0,100,1
1042,969.0,508.0,0,0,65,25,9,0,0,0,0,1,100,1
1043,1093.0,552.0,1,0,74,20,5,0,0,0,0,1,101,1
1044,958.0,294.0,0,0,0,0,93,7,0,0,0,0,100,1
1045,1026.0,507.0,0,0,91,9,0,0,0,0,0,0,100,1
1046,682.0,277.0,0,0,0,0,100,0,0,0,0,0,100,1
1047,961.0,263.0,4,0,0,0,33,57,0,4,2,0,100,1
1048,441.0,262.0,7,48,13,28,0,2,0,0,0,1,99,1
1049,592.0,185.0,0,0,0,9,28,63,0,0,0,0,100,1
1050,812.0,492.0,22,50,25,3,0,0,0,1,0,0,101,1
1051,467.0,238.0,8,35,0,0,5,52,0,0,0,0,100,1
1052,1022.0,549.0,0,0,87,13,0,0,0,0,0,1,101,1
1053,967.0,521.0,0,0,97,0,1,0,0,0,0,2,100,1
1054,373.0,256.0,0,0,0,0,20,80,0,0,0,0,100,1
1055,1111.0,444.0,5,0,73,19,1,0,0,0,0,1,99,1
1056,463.0,289.0,0,0,0,3,21,76,0,0,0,0,100,1
1057,1098.0,554.0,3,0,85,13,0,0,0,0,0,0,101,1
1058,1093.0,290.0,4,1,1,64,31,0,0,0,0,0,101,1
1059,429.0,266.0,2,2,8,49,0,24,0,6,0,9,100,1
1060,610.0,250.0,7,0,6,85,3,0,0,0,0,0,101,1
1061,1159.0,254.0,19,0,21,58,0,0,0,0,0,3,101,1
1062,969.0,609.0,26,1,61,2,6,0,0,3,0,1,100,1
1063,832.0,509.0,1,0,48,36,5,0,0,0,0,10,100,1
1064,852.0,380.0,2,0,11,75,7,1,0,0,0,5,101,1
1065,1029.0,584.0,0,0,95,5,0,0,0,0,0,0,100,1
1066,1033.0,256.0,3,6,0,67,22,1,0,0,0,2,101,1
1067,519.0,196.0,0,2,0,0,88,10,0,0,0,0,100,1
1068,626.0,298.0,4,1,9,70,12,0,0,5,0,0,101,1
1069,389.0,242.0,1,1,0,21,45,31,0,2,0,0,101,1
1070,1195.0,394.0,1,0,74,5,3,15,0,0,0,1,99,1
1071,457.0,334.0,3,91,0,0,0,6,0,0,0,0,100,1
1072,1003.0,554.0,0,0,86,0,13,1,0,0,0,0,100,1
1073,640.0,390.0,1,1,58,36,4,0,0,0,0,0,100,1
1074,723.0,415.0,3,0,50,45,1,0,0,0,0,1,100,1
1075,1073.0,543.0,9,0,90,1,0,0,0,0,0,0,100,1
1076,821.0,362.0,1,0,1,92,5,0,0,0,0,1,100,1
1077,852.0,453.0,0,1,61,34,4,0,0,1,0,1,102,1
1078,1152.0,625.0,7,0,75,10,3,0,0,0,0,5,100,1
1079,1095.0,521.0,27,0,31,40,0,0,0,0,0,1,99,1
1080,1168.0,560.0,20,0,5,57,16,0,0,0,0,1,99,1
1081,1156.0,407.0,0,0,73,11,1,0,0,0,0,15,100,1
1082,1103.0,195.0,0,0,79,18,0,0,0,0,0,2,99,1
1083,829.0,429.0,11,0,25,48,11,2,0,0,0,3,100,1
1084,838.0,377.0,0,0,0,50,13,37,0,0,0,0,100,1
1085,1145.0,542.0,47,0,6,13,16,0,0,0,0,17,99,1
1086,974.0,632.0,0,0,99,1,0,0,0,0,0,0,100,1
1087,567.0,271.0,0,0,0,0,0,100,0,0,0,0,100,1
1088,696.0,382.0,0,0,0,0,0,100,0,0,0,0,100,1
1089,476.0,79.0,0,0,0,0,3,86,0,12,0,0,101,1
1090,1143.0,375.0,9,3,57,29,2,0,0,0,0,0,100,1
1091,552.0,108.0,0,3,1,34,14,17,0,1,21,0,91,1
1092,1160.0,456.0,24,6,70,0,0,0,0,0,0,0,100,1
1093,677.0,302.0,5,10,0,2,26,57,0,0,0,0,100,1
1094,1177.0,483.0,18,0,46,26,7,1,0,0,0,2,100,1
1095,1025.0,545.0,0,0,69,23,7,0,0,0,0,2,101,1
1096,707.0,238.0,0,0,0,0,41,59,0,0,0,0,100,1
1097,875.0,532.0,0,0,95,0,5,0,0,0,0,0,100,1
1098,989.0,560.0,0,0,90,4,0,0,0,6,0,0,100,1
1099,698.0,326.0,0,83,0,2,0,15,0,0,0,0,100,1
1100,989.0,279.0,2,92,0,6,0,0,0,0,0,0,100,1
1101,1014.0,517.0,4,0,77,14,0,0,0,0,0,5,100,1
1102,1092.0,517.0,8,0,1,29,0,0,0,0,0,62,100,1
1103,848.0,364.0,1,3,0,0,2,95,0,0,0,0,101,1
1104,350.0,305.0,0,0,0,0,0,100,0,0,0,0,100,1
1105,728.0,409.0,10,2,7,70,10,1,0,0,0,0,100,1
1106,603.0,311.0,11,33,1,53,1,2,0,0,0,0,101,1
1107,567.0,247.0,0,0,0,0,2,98,0,0,0,0,100,1
1108,631.0,132.0,0,0,0,0,0,99,0,1,0,0,100,1
1109,453.0,297.0,5,52,0,40,0,0,0,2,0,0,99,1
1110,1024.0,560.0,1,0,89,8,2,0,0,0,0,1,101,1
1111,533.0,183.0,0,7,0,0,83,10,0,0,0,0,100,1
1112,907.0,522.0,11,0,74,0,3,12,0,0,0,0,100,1
1113,1093.0,275.0,13,20,2,20,37,0,0,0,0,9,101,1
1114,1159.0,448.0,0,0,85,14,1,0,0,0,0,1,101,1
1115,558.0,225.0,0,44,0,0,16,40,0,0,0,0,100,1
1116,720.0,293.0,3,0,17,75,0,1,0,0,0,3,99,1
1117,1032.0,523.0,0,0,99,0,0,0,0,0,0,1,100,1
1118,1159.0,476.0,11,0,80,6,0,0,0,3,0,0,100,1
1119,456.0,146.0,0,0,0,2,26,72,0,0,0,0,100,1
1120,553.0,222.0,0,0,0,0,18,82,0,0,0,0,100,1
1121,778.0,407.0,0,1,8,90,1,0,0,0,0,0,100,1
1122,1039.0,560.0,10,0,45,43,0,0,0,0,0,2,100,1
1123,1084.0,404.0,1,0,82,1,16,0,0,0,0,0,100,1
1124,850.0,512.0,0,0,81,7,6,0,0,0,0,6,100,1
1125,1056.0,619.0,3,0,0,9,3,0,0,0,0,84,99,1
1126,1080.0,392.0,1,0,9,68,20,0,0,0,0,2,100,1
1127,1061.0,241.0,2,9,7,79,3,0,0,0,0,1,101,1
1128,703.0,330.0,4,1,0,17,79,0,0,0,0,0,101,1
1129,551.0,292.0,0,99,0,0,0,1,0,0,0,0,100,1
1130,517.0,201.0,0,2,0,0,97,1,0,0,0,0,100,1
1131,763.0,393.0,0,0,0,4,32,61,0,2,0,0,99,1
1132,776.0,461.0,0,0,1,22,1,0,0,0,0,76,100,1
1133,459.0,135.0,0,0,0,0,0,100,0,0,0,0,100,1
1134,728.0,362.0,20,37,0,0,13,29,0,0,0,0,99,1
1135,1198.0,443.0,23,0,9,4,32,28,0,0,0,4,100,1
1136,1052.0,499.0,11,0,70,19,1,0,0,0,0,0,101,1
1137,1014.0,480.0,16,0,62,16,3,2,0,0,0,1,100,1
1138,885.0,399.0,0,0,0,0,10,88,0,0,0,3,101,1
1139,800.0,449.0,8,12,3,6,32,38,0,0,0,0,99,1
1140,1025.0,643.0,7,0,46,39,3,0,0,0,5,0,100,1
1141,1202.0,341.0,0,0,37,47,14,1,0,0,0,1,100,1
1142,696.0,262.0,0,42,0,0,1,56,0,0,0,0,99,1
1143,1074.0,606.0,2,0,89,3,5,0,0,0,0,1,100,1
1144,931.0,364.0,11,0,71,13,3,0,0,1,0,1,100,1
1145,594.0,202.0,0,6,0,0,71,22,0,2,0,0,101,1
1146,1090.0,304.0,24,3,0,23,41,8,0,0,0,1,100,1
1147,1175.0,434.0,10,0,19,63,2,1,0,1,0,5,101,1
1148,1018.0,505.0,0,0,99,0,1,0,0,0,0,0,100,1
1149,1144.0,630.0,4,0,57,14,3,0,0,0,0,22,100,1
1150,714.0,366.0,3,65,1,1,10,18,0,0,0,2,100,1
1151,701.0,222.0,16,14,0,52,7,11,0,0,0,0,100,1
1152,585.0,241.0,0,0,0,0,96,4,0,0,0,0,100,1
1153,1171.0,350.0,7,6,70,13,1,0,0,1,0,3,101,1
1154,1037.0,574.0,2,0,82,11,5,0,0,0,0,0,100,1
1155,741.0,431.0,11,2,26,11,1,0,0,0,0,50,101,1
1156,1080.0,208.0,11,24,2,58,6,0,0,0,0,0,101,1
1157,992.0,466.0,1,0,75,23,1,0,0,0,0,0,100,1
1158,1014.0,292.0,7,1,12,76,3,0,0,0,0,1,100,1
1159,1204.0,376.0,6,0,52,40,1,0,0,0,0,2,101,1
1160,894.0,384.0,1,0,13,39,20,0,0,1,0,26,100,1
1161,1048.0,328.0,24,2,31,36,1,4,0,1,0,0,99,1
1162,722.0,291.0,13,48,9,19,9,0,0,0,0,1,99,1
1163,811.0,470.0,41,13,10,23,10,2,0,0,0,0,99,1
1164,752.0,439.0,0,0,17,16,7,0,0,0,0,60,100,1
1165,475.0,390.0,4,0,57,23,12,0,0,0,0,4,100,1
1166,1051.0,498.0,8,0,84,4,3,0,0,0,0,2,101,1
1167,1023.0,319.0,2,0,6,27,39,26,0,0,0,0,100,1
1168,382.0,239.0,0,0,0,0,36,64,0,0,0,0,100,1
1169,834.0,450.0,4,0,61,29,5,0,0,0,0,1,100,1
1170,496.0,355.0,4,10,28,35,24,0,0,0,0,0,101,1
1171,984.0,624.0,4,0,23,29,1,0,0,0,0,45,102,1
1172,372.0,265.0,0,0,0,0,11,90,0,0,0,0,101,1
1173,1177.0,488.0,29,0,26,27,0,0,0,0,0,17,99,1
1174,1186.0,487.0,5,0,28,55,4,1,0,0,0,8,101,1
1175,992.0,394.0,1,4,55,37,1,0,0,1,0,2,101,1
1176,1161.0,392.0,5,0,61,29,3,2,0,0,0,0,100,1
1177,798.0,486.0,0,0,0,0,0,100,0,0,0,0,100,1
1178,949.0,490.0,0,0,97,1,1,0,0,0,0,1,100,1
1179,1021.0,487.0,0,0,0,3,0,0,0,0,0,97,100,1
1180,491.0,160.0,1,0,0,1,0,98,0,0,0,0,100,1
1181,914.0,237.0,7,0,0,58,7,0,0,25,0,3,100,1
1182,997.0,599.0,14,0,70,15,0,0,0,0,0,1,100,1
1183,880.0,424.0,2,0,20,18,3,1,0,0,0,55,99,1
1184,613.0,322.0,18,2,27,5,12,16,0,1,0,20,101,1
1185,692.0,352.0,5,3,9,42,31,9,0,0,0,0,99,1
1186,624.0,154.0,0,0,0,0,81,17,0,3,0,0,101,1
1187,469.0,367.0,2,3,62,23,10,0,0,0,0,0,100,1
1188,799.0,474.0,0,0,0,0,0,100,0,0,0,0,100,1
1189,880.0,483.0,0,0,98,0,2,0,0,0,0,0,100,1
1190,1105.0,300.0,8,0,0,12,31,7,0,0,0,42,100,1
1191,1172.0,598.0,0,0,86,4,10,0,0,0,0,0,100,1
1192,538.0,249.0,8,0,0,0,61,31,0,0,0,0,100,1
1193,1035.0,302.0,3,0,1,54,43,0,0,0,0,0,101,1
1194,1151.0,456.0,22,0,74,4,0,0,0,0,0,0,100,1
1195,496.0,220.0,0,70,0,0,24,6,0,0,0,0,100,1
1196,972.0,375.0,5,2,69,22,0,0,0,0,0,1,99,1
1197,1124.0,500.0,12,0,18,8,0,0,0,50,0,13,101,1
1198,1163.0,333.0,0,0,42,53,4,0,0,0,0,1,100,1
1199,949.0,294.0,0,0,18,15,61,5,0,0,0,0,99,1
1200,1095.0,384.0,13,9,5,19,1,0,0,0,0,54,101,1
1201,994.0,527.0,3,0,89,7,0,0,0,0,0,1,100,1
1202,979.0,306.0,0,40,0,2,53,5,0,0,0,0,100,1
1203,475.0,158.0,0,0,0,0,12,88,0,0,0,0,100,1
1204,638.0,176.0,4,29,0,1,8,59,0,0,0,0,101,1
1205,574.0,249.0,0,0,0,0,97,4,0,0,0,0,101,1
1206,708.0,261.0,13,52,0,9,20,7,0,0,0,0,101,1
1207,1043.0,629.0,21,0,38,28,7,0,0,0,0,7,101,1
1208,1084.0,220.0,22,4,2,66,3,0,0,0,0,3,100,1
1209,1128.0,549.0,53,8,16,20,0,0,0,0,0,2,99,1
1210,1012.0,405.0,0,0,0,0,0,0,0,0,0,100,100,1
1211,1101.0,395.0,3,0,83,10,3,0,0,0,0,0,99,1
1212,653.0,316.0,2,3,0,19,75,1,0,0,0,0,100,1
1213,757.0,209.0,20,11,13,41,14,0,0,1,0,0,100,1
1214,841.0,415.0,1,0,1,52,28,15,0,3,0,1,101,1
1215,1182.0,574.0,30,0,1,59,11,0,0,0,0,0,101,1
1216,937.0,373.0,5,0,32,30,22,0,0,0,0,10,99,1
1217,392.0,234.0,1,58,0,0,16,25,0,0,0,0,100,1
1218,1053.0,220.0,4,0,10,83,4,0,0,0,0,0,101,1
1219,632.0,238.0,7,7,18,50,18,0,0,0,0,1,101,1
1220,559.0,165.0,0,55,0,0,1,42,0,0,3,0,101,1
1221,426.0,276.0,11,12,27,24,9,1,13,1,0,2,100,1
1222,695.0,306.0,44,9,7,21,17,1,0,0,0,3,102,1
1223,291.0,349.0,0,0,0,21,48,7,1,2,2,1,82,1
1224,715.0,319.0,3,12,12,59,14,1,0,0,0,0,101,1
1225,629.0,214.0,10,53,0,5,19,0,0,0,2,10,99,1
1226,381.0,131.0,0,0,0,0,27,68,0,5,0,0,100,1
1227,965.0,354.0,0,0,20,80,0,0,0,0,0,0,100,1
1228,679.0,410.0,5,5,4,41,25,19,0,0,0,0,99,1
1229,1059.0,596.0,11,0,38,35,0,0,0,0,0,16,100,1
1230,1196.0,319.0,6,0,60,24,10,0,0,0,0,0,100,1
1231,656.0,366.0,10,1,50,22,6,11,0,0,0,0,100,1
1232,1087.0,366.0,18,21,25,28,7,0,0,0,0,1,100,1
1233,967.0,487.0,4,0,52,31,11,0,0,0,0,2,100,1
1234,751.0,394.0,2,7,0,58,15,16,0,0,0,3,101,1
1235,988.0,338.0,1,0,15,82,0,0,0,0,0,2,100,1
1236,717.0,308.0,4,1,19,30,12,0,0,8,0,26,100,1
1237,1073.0,390.0,1,6,48,39,4,0,0,0,0,3,101,1
1238,847.0,449.0,1,0,86,13,0,0,0,0,0,0,100,1
1239,947.0,399.0,1,0,7,88,4,1,0,0,0,0,101,1
1240,1214.0,460.0,0,0,13,66,0,0,0,0,0,21,100,1
1241,913.0,485.0,0,0,87,11,2,0,0,0,0,0,100,1
1242,425.0,74.0,0,0,0,1,0,99,0,0,0,0,100,1
1243,1021.0,275.0,0,0,9,25,48,18,0,0,0,0,100,1
1244,573.0,184.0,0,79,1,3,6,3,0,8,0,0,100,1
1245,1076.0,442.0,2,0,87,2,8,0,0,0,0,1,100,1
1246,1128.0,473.0,17,0,0,31,0,0,0,1,0,52,101,1
1247,486.0,346.0,1,3,33,62,1,0,0,0,0,0,100,1
1248,598.0,278.0,0,2,1,18,0,0,0,1,0,77,99,1
1249,785.0,319.0,3,1,7,14,74,2,0,0,0,1,102,1
1250,1169.0,443.0,15,0,45,33,2,3,0,0,0,3,101,1
1251,740.0,207.0,14,18,39,19,10,0,0,0,0,1,101,1
1252,890.0,405.0,9,2,0,2,37,44,0,6,0,0,100,1
1253,1131.0,453.0,25,0,25,21,2,13,0,0,0,12,98,1
1254,895.0,339.0,0,2,62,23,0,0,0,0,0,13,100,1
1255,623.0,195.0,0,89,0,0,9,2,0,0,0,0,100,1
1256,1201.0,253.0,17,0,43,32,7,0,0,0,0,0,99,1
1257,726.0,284.0,22,2,11,51,11,3,0,0,0,0,100,1
1258,805.0,375.0,0,0,0,0,2,98,0,0,0,0,100,1
1259,1165.0,537.0,31,1,8,58,0,0,0,0,0,1,99,1
1260,740.0,333.0,1,0,33,37,28,1,0,0,0,0,100,1
1261,630.0,330.0,4,1,27,4,16,4,0,0,0,45,101,1
1262,1092.0,433.0,5,0,28,56,10,0,0,0,0,0,99,1
1263,1148.0,517.0,52,3,9,21,12,0,0,0,0,4,101,1
1264,606.0,258.0,1,0,23,65,11,0,0,0,0,0,100,1
1265,419.0,236.0,0,0,0,0,0,100,0,0,0,0,100,1
1266,766.0,335.0,23,3,0,13,33,29,0,0,0,0,101,1
1267,1146.0,384.0,0,0,40,60,0,0,0,0,0,1,101,1
1268,915.0,475.0,0,0,100,0,0,0,0,0,0,0,100,1
1269,1157.0,582.0,8,0,27,65,0,0,0,0,0,0,100,1
1270,858.0,480.0,15,2,54,15,12,0,0,1,0,1,100,1
1271,958.0,326.0,16,4,11,62,1,0,0,1,0,5,100,1
1272,856.0,457.0,7,0,69,15,7,0,0,0,0,3,101,1
1273,705.0,348.0,0,0,0,0,79,22,0,0,0,0,101,1
1274,613.0,197.0,0,86,0,0,0,14,0,0,0,0,100,1
1275,346.0,276.0,0,29,0,0,2,58,0,11,0,0,100,1
1276,456.0,221.0,0,0,0,0,0,100,0,0,0,0,100,1
1277,1178.0,337.0,0,0,92,8,0,0,0,0,0,1,101,1
1278,457.0,228.0,0,0,0,0,0,100,0,0,0,0,100,1
1279,918.0,231.0,0,0,8,83,7,0,0,2,0,0,100,1
1280,1076.0,617.0,1,0,81,11,5,0,0,0,0,2,100,1
1281,908.0,459.0,7,0,59,7,27,0,0,0,0,0,100,1
1282,1162.0,571.0,0,0,18,76,5,0,0,0,0,1,100,1
1283,540.0,265.0,16,0,0,3,13,69,0,0,0,0,101,1
1284,483.0,328.0,0,0,0,0,0,100,0,0,0,0,100,1
1285,1106.0,474.0,34,0,10,39,17,0,0,0,0,0,100,1
1286,539.0,222.0,22,0,0,0,40,38,0,0,0,0,100,1
1287,1056.0,453.0,4,1,73,22,1,0,0,0,0,0,101,1
1288,934.0,309.0,8,0,20,62,9,0,0,1,0,0,100,1
1289,1047.0,264.0,6,0,0,75,19,0,0,0,0,0,100,1
1290,732.0,427.0,1,0,8,30,2,0,0,0,0,59,100,1
1291,1170.0,389.0,8,0,21,70,0,0,0,1,0,0,100,1
1292,353.0,139.0,0,0,0,0,0,100,0,0,0,0,100,1
1293,1019.0,538.0,0,0,85,14,0,2,0,0,0,0,101,1
1294,931.0,540.0,1,0,69,14,13,0,0,1,0,3,101,1
1295,1078.0,218.0,23,0,2,74,1,0,0,0,0,0,100,1
1296,1190.0,480.0,16,0,69,10,3,0,0,0,0,2,100,1
1297,475.0,372.0,1,0,57,40,2,0,0,0,0,0,100,1
1298,1086.0,503.0,4,0,43,46,5,0,0,0,0,2,100,1
1299,863.0,461.0,0,1,88,1,2,0,0,4,4,0,100,1
1300,963.0,470.0,5,0,94,1,0,0,0,0,0,0,100,1
1301,1008.0,335.0,1,0,82,17,0,0,0,0,0,0,100,1
1302,537.0,293.0,0,6,0,0,4,90,0,0,0,0,100,1
1303,1118.0,462.0,35,0,30,26,9,1,0,0,0,0,101,1
1304,389.0,237.0,0,0,0,0,3,97,0,0,0,0,100,1
1305,507.0,287.0,0,0,0,0,0,100,0,0,0,0,100,1
1306,341.0,333.0,0,0,0,26,15,0,0,0,59,1,101,1
1307,863.0,368.0,19,3,0,66,3,0,0,8,0,1,100,1
1308,1181.0,378.0,1,0,76,9,0,0,0,0,0,14,100,1
1309,1013.0,401.0,5,0,0,13,0,0,0,0,0,81,99,1
1310,993.0,429.0,0,0,9,56,11,0,0,0,0,24,100,1
1311,1043.0,451.0,1,0,67,32,0,0,0,0,0,0,100,1
1312,1122.0,542.0,4,0,0,47,0,0,0,0,0,49,100,1
1313,827.0,462.0,13,9,35,35,8,0,0,0,0,0,100,1
1314,790.0,306.0,8,1,0,31,52,8,0,0,0,0,100,1
1315,909.0,482.0,9,0,21,5,0,0,0,0,0,64,99,1
1316,1021.0,315.0,3,0,16,26,40,15,0,0,0,0,100,1
1317,1154.0,397.0,0,0,2,1,96,0,0,0,0,0,99,1
1318,920.0,303.0,7,0,49,38,6,0,0,0,0,0,100,1
1319,741.0,434.0,6,0,0,0,1,0,0,0,0,93,100,1
1320,1042.0,626.0,6,0,91,2,1,0,0,0,0,0,100,1
1321,405.0,248.0,0,0,0,0,0,98,0,3,0,0,101,1
1322,784.0,350.0,46,10,1,8,6,15,0,15,0,0,101,1
1323,1069.0,312.0,3,4,15,53,25,0,0,0,0,1,101,1
1324,1168.0,282.0,0,0,0,22,60,17,0,0,0,2,101,1
1325,1161.0,598.0,3,0,55,10,19,0,0,0,0,13,100,1
1326,863.0,521.0,0,0,98,1,0,0,0,0,0,1,100,1
1327,736.0,346.0,2,0,18,55,26,0,0,0,0,0,101,1
1328,865.0,336.0,0,0,35,55,3,2,0,3,0,2,100,1
1329,1087.0,560.0,6,0,92,1,0,0,0,0,0,1,100,1
1330,511.0,309.0,6,16,0,0,2,77,0,0,0,0,101,1
1331,559.0,297.0,6,6,2,70,14,0,0,1,0,1,100,1
1332,1119.0,550.0,0,0,0,2,0,0,57,0,5,36,100,1
1333,881.0,388.0,0,0,6,20,19,0,0,5,0,50,100,1
1334,1046.0,619.0,0,0,86,12,0,0,0,0,0,2,100,1
1335,536.0,211.0,0,0,0,0,23,77,0,0,0,0,100,1
1336,1055.0,271.0,0,0,0,12,77,11,0,0,0,0,100,1
1337,975.0,303.0,2,33,0,6,24,35,0,0,0,0,100,1
1338,1072.0,535.0,1,0,95,4,1,0,0,0,0,0,101,1
1339,637.0,389.0,0,2,81,9,8,0,0,0,0,0,100,1
1340,1181.0,516.0,13,0,60,26,1,0,0,0,0,0,100,1
1341,1019.0,397.0,22,0,47,31,0,0,0,0,0,1,101,1
1342,983.0,365.0,2,1,97,1,0,0,0,0,0,0,101,1
1343,1001.0,288.0,12,3,2,54,29,0,0,0,0,0,100,1
1344,487.0,285.0,0,0,0,0,1,99,0,0,0,0,100,1
1345,965.0,595.0,1,2,64,32,1,0,0,0,0,0,100,1
1346,600.0,223.0,0,0,0,0,45,56,0,0,0,0,101,1
1347,1198.0,471.0,2,0,50,12,0,0,21,0,14,1,100,1
1348,1131.0,550.0,11,0,9,13,1,9,0,0,0,58,101,1
1349,390.0,130.0,0,0,0,0,0,97,0,3,0,0,100,1
1350,387.0,137.0,0,0,0,0,30,67,0,3,0,0,100,1
1351,1198.0,434.0,3,12,0,1,0,83,0,0,0,2,101,1
1352,1071.0,316.0,0,0,0,16,79,4,0,0,0,1,100,1
1353,994.0,352.0,0,0,55,44,1,0,0,0,0,0,100,1
1354,946.0,535.0,0,0,91,1,8,0,0,0,0,0,100,1
1355,647.0,293.0,4,48,26,11,11,1,0,0,0,0,101,1
1356,1148.0,568.0,4,0,81,14,0,0,0,1,0,1,101,1
1357,878.0,474.0,0,0,94,5,0,0,0,0,0,1,100,1
1358,503.0,384.0,2,6,8,27,21,36,0,0,0,1,101,1
1359,427.0,186.0,0,9,0,0,7,84,0,1,0,0,101,1
1360,557.0,208.0,0,0,0,0,81,19,0,0,0,0,100,1
1361,642.0,388.0,2,0,94,1,1,2,0,0,0,0,100,1
1362,815.0,440.0,7,0,86,7,0,0,0,0,0,0,100,1
1363,1047.0,559.0,0,0,99,0,1,0,0,0,0,0,100,1
1364,679.0,272.0,0,75,0,0,9,15,0,0,0,0,99,1
1365,924.0,476.0,2,0,91,7,0,0,0,0,0,0,100,1
1366,297.0,351.0,0,0,1,60,37,2,0,0,0,1,101,1
1367,504.0,167.0,4,0,0,4,14,61,0,0,4,0,87,1
1368,1053.0,440.0,0,0,41,50,9,0,0,0,0,0,100,1
1369,462.0,347.0,0,51,13,29,2,5,0,0,0,0,100,1
1370,410.0,243.0,4,12,0,1,1,83,0,0,0,0,101,1
1371,1068.0,513.0,0,0,88,12,0,0,0,0,0,0,100,1
1372,704.0,425.0,2,1,37,54,3,0,0,0,0,3,100,1
1373,1066.0,321.0,0,0,0,0,5,95,0,0,0,0,100,1
1374,935.0,342.0,2,0,12,40,0,0,0,0,0,46,100,1
1375,747.0,329.0,0,1,29,55,10,2,0,0,3,0,100,1
1376,1005.0,314.0,10,6,25,55,5,0,0,0,0,0,101,1
1377,1171.0,285.0,2,0,2,60,35,1,0,0,0,0,100,1
1378,1069.0,386.0,0,0,32,55,6,0,0,6,0,1,100,1
1379,576.0,296.0,0,3,77,17,1,2,0,0,0,0,100,1
1380,482.0,259.0,0,0,0,0,0,100,0,0,0,0,100,1
1381,918.0,484.0,1,0,69,4,26,0,0,0,0,1,101,1
1382,1239.0,226.0,3,0,78,18,1,0,0,0,0,0,100,1
1383,917.0,419.0,15,0,8,62,14,0,0,0,0,1,100,1
1384,972.0,557.0,0,0,0,0,0,0,5,0,80,0,85,1
1385,1164.0,270.0,29,1,4,58,8,0,0,0,0,0,100,1
1386,468.0,272.0,0,0,0,0,3,97,0,0,0,0,100,1
1387,757.0,323.0,1,0,22,72,5,0,0,0,0,0,100,1
1388,461.0,365.0,4,2,52,21,21,0,0,0,0,0,100,1
1389,644.0,342.0,4,2,5,54,32,2,0,0,0,2,101,1
1390,996.0,380.0,1,0,70,17,2,0,0,0,0,11,101,1
1391,1111.0,354.0,0,0,0,0,0,0,83,0,17,0,100,1
1392,1026.0,355.0,4,0,53,41,1,0,0,0,0,1,100,1
1393,908.0,536.0,0,0,74,18,6,0,0,0,0,3,101,1
1394,470.0,381.0,12,4,17,57,8,2,0,0,0,0,100,1
1395,766.0,428.0,11,0,69,7,10,0,0,0,0,3,100,1
1396,977.0,396.0,4,0,71,20,5,0,0,0,0,1,101,1
1397,1161.0,291.0,3,2,13,68,14,0,0,0,0,1,101,1
1398,799.0,481.0,15,6,7,44,26,2,0,0,0,0,100,1
1399,360.0,127.0,0,0,0,0,0,89,0,11,0,0,100,1
1400,1130.0,475.0,9,0,21,54,3,0,0,0,0,13,100,1
1401,1039.0,503.0,12,0,50,23,6,0,0,0,0,9,100,1
1402,1104.0,390.0,5,1,59,30,4,0,0,0,0,0,99,1
1403,774.0,342.0,6,0,4,68,15,7,0,0,0,0,100,1
1404,1041.0,564.0,8,0,60,23,0,0,0,0,0,9,100,1
1405,1129.0,409.0,0,0,64,29,7,0,0,0,0,0,100,1
1406,1195.0,276.0,0,0,79,13,9,0,0,0,0,0,101,1
1407,609.0,299.0,16,11,49,12,11,0,0,0,0,1,100,1
1408,446.0,360.0,3,0,24,41,33,0,0,0,0,0,101,1
1409,690.0,333.0,0,91,0,0,0,9,0,0,0,0,100,1
1410,880.0,435.0,7,1,34,39,7,1,0,0,0,11,100,1
1411,951.0,513.0,1,0,89,0,9,0,0,0,0,0,99,1
1412,995.0,527.0,2,0,80,8,1,0,0,0,0,10,101,1
1413,157.0,448.0,0,0,2,9,18,61,0,0,0,0,90,1
1414,452.0,122.0,0,0,1,21,16,50,0,0,11,0,99,1
1415,864.0,483.0,0,3,74,9,7,3,0,0,0,4,100,1
1416,976.0,578.0,6,0,78,13,2,0,0,0,0,1,100,1
1417,993.0,264.0,6,0,1,13,54,24,0,0,0,2,100,1
1418,802.0,444.0,7,3,25,57,5,2,0,0,0,1,100,1
1419,763.0,304.0,11,2,16,10,18,2,0,0,0,41,100,1
1420,777.0,335.0,0,0,0,0,82,18,0,0,0,0,100,1
1421,532.0,308.0,0,0,0,0,3,97,0,0,0,0,100,1
1422,531.0,244.0,0,0,0,0,0,100,0,0,0,0,100,1
1423,1175.0,502.0,61,0,2,33,2,0,0,0,0,2,100,1
1424,621.0,311.0,6,5,35,2,0,5,22,0,4,22,101,1
1425,417.0,288.0,0,0,41,40,1,7,1,0,9,0,99,1
1426,573.0,325.0,1,1,31,39,24,1,0,0,0,2,99,1
1427,513.0,332.0,0,2,0,0,17,80,0,0,0,0,99,1
1428,995.0,326.0,7,36,3,51,2,0,0,0,0,0,99,1
1429,1086.0,568.0,1,0,92,4,0,0,0,2,0,1,100,1
1430,1142.0,475.0,36,0,23,18,13,4,0,0,0,5,99,1
1431,569.0,334.0,2,4,34,22,2,0,0,0,0,37,101,1
1432,1106.0,382.0,10,0,42,32,16,0,0,0,0,0,100,1
1433,780.0,469.0,0,0,69,12,2,0,0,0,0,18,101,1
1434,973.0,621.0,5,0,71,24,1,0,0,0,0,0,101,1
1435,699.0,424.0,3,0,84,1,6,0,0,0,0,7,101,1
1436,1154.0,511.0,49,14,3,29,3,0,0,0,0,2,100,1
1437,1164.0,570.0,12,2,12,74,1,0,0,0,0,0,101,1
1438,1078.0,612.0,1,0,95,4,0,0,0,0,0,0,100,1
1439,858.0,432.0,4,1,19,62,14,0,0,0,0,0,100,1
1440,546.0,230.0,0,0,0,0,4,62,0,35,0,0,101,1
1441,651.0,311.0,3,3,15,61,18,0,0,0,0,0,100,1
1442,414.0,249.0,0,0,0,0,4,96,0,0,0,0,100,1
1443,1169.0,417.0,5,1,91,0,2,0,0,0,0,0,99,1
1444,812.0,370.0,3,0,1,82,13,0,0,0,0,1,100,1
1445,703.0,416.0,3,8,29,60,0,0,0,0,0,1,101,1
1446,963.0,278.0,0,6,0,0,36,58,0,0,0,0,100,1
1447,1233.0,196.0,13,0,32,55,0,0,0,0,0,0,100,1
1448,345.0,267.0,0,87,0,0,2,11,0,0,0,0,100,1
1449,348.0,249.0,1,0,0,0,0,70,0,28,0,0,99,1
1450,1051.0,416.0,1,0,59,26,5,5,0,0,0,4,100,1
1451,1229.0,219.0,8,0,35,22,3,0,0,29,0,3,100,1
1452,591.0,345.0,13,26,12,40,9,0,0,0,0,0,100,1
1453,1161.0,494.0,52,0,3,22,3,0,0,0,0,21,101,1
1454,982.0,628.0,39,1,35,8,10,0,0,7,0,0,100,1
1455,429.0,183.0,4,0,0,0,0,94,0,2,0,0,100,1
1456,1109.0,476.0,24,0,14,61,1,0,0,0,0,0,100,1
1457,459.0,226.0,0,0,0,0,1,99,0,0,0,0,100,1
1458,1165.0,606.0,3,0,83,6,5,0,0,3,0,0,100,1
1459,833.0,406.0,0,0,0,0,0,100,0,0,0,0,100,1
1460,392.0,118.0,0,0,0,0,0,100,0,0,0,0,100,1
1461,1058.0,474.0,13,0,82,4,0,0,0,0,0,1,100,1
1462,781.0,354.0,7,0,3,4,54,29,0,0,0,1,98,1
1463,443.0,146.0,0,0,0,0,73,27,0,0,0,0,100,1
1464,1209.0,321.0,6,8,65,20,1,0,0,0,0,0,100,1
1465,1080.0,193.0,23,0,6,62,6,0,0,0,0,3,100,1
1466,1197.0,413.0,7,37,7,11,7,7,1,2,0,21,100,1
1467,754.0,367.0,0,0,0,0,9,91,0,0,0,0,100,1
1468,1090.0,456.0,3,0,95,1,1,0,0,0,0,0,100,1
1469,799.0,364.0,0,0,0,2,56,42,0,0,0,0,100,1
1470,1158.0,341.0,4,0,3,21,24,34,0,15,0,0,101,1
1471,695.0,402.0,0,5,74,11,10,0,0,0,0,1,101,1
1472,963.0,451.0,0,0,2,9,0,1,0,0,0,88,100,1
1473,983.0,325.0,0,0,21,78,0,0,0,0,0,0,99,1
1474,920.0,330.0,4,0,40,46,7,0,0,0,0,3,100,1
1475,343.0,277.0,0,0,0,0,30,67,0,3,0,0,100,1
1476,885.0,367.0,0,0,0,0,30,70,0,0,0,0,100,1
1477,860.0,393.0,4,0,0,40,47,9,0,0,0,0,100,1
1478,936.0,304.0,13,0,8,74,5,0,0,0,0,0,100,1
1479,1020.0,532.0,2,0,96,1,0,0,0,0,0,1,100,1
1480,1258.0,187.0,29,2,38,5,1,1,0,0,23,1,100,1
1481,1052.0,600.0,1,0,45,48,6,0,0,0,0,0,100,1
1482,712.0,223.0,11,1,0,33,56,0,0,0,0,0,101,1
1483,501.0,257.0,0,0,0,0,10,90,0,0,0,0,100,1
1484,541.0,214.0,0,0,0,0,0,100,0,0,0,0,100,1
1485,998.0,455.0,8,0,7,16,2,0,0,0,0,68,101,1
1486,897.0,389.0,3,0,0,8,0,0,0,0,0,89,100,1
1487,452.0,372.0,9,7,66,11,4,3,0,0,0,0,100,1
1488,851.0,516.0,0,0,77,12,11,0,0,0,0,0,100,1
1489,959.0,380.0,0,0,30,64,2,1,0,0,0,2,99,1
1490,1208.0,303.0,13,0,54,28,2,1,0,0,0,1,99,1
1491,633.0,313.0,0,10,17,7,27,38,0,0,0,1,100,1
1492,754.0,263.0,11,0,5,43,0,0,11,1,17,6,94,1
1493,649.0,277.0,5,0,3,43,2,0,0,0,0,47,100,1
1494,1180.0,373.0,0,0,21,73,6,0,0,0,0,0,100,1
1495,1039.0,589.0,8,15,63,7,7,0,0,0,0,0,100,1
1496,1249.0,273.0,37,1,44,16,2,0,0,0,0,0,100,1
1497,805.0,458.0,1,0,0,17,10,73,0,0,0,0,101,1
1498,491.0,391.0,3,0,0,13,0,0,0,0,0,85,101,1
1499,752.0,396.0,0,0,0,2,18,80,0,0,0,0,100,1
1500,459.0,208.0,0,0,0,0,12,88,0,0,0,0,100,1
1501,950.0,429.0,9,0,19,69,3,0,0,0,0,0,100,1
1502,353.0,226.0,0,0,0,0,33,64,0,3,0,0,100,1
1503,608.0,184.0,3,52,0,28,6,11,0,0,0,0,100,1
1504,1095.0,461.0,1,0,47,41,12,0,0,0,0,1,102,1
1505,852.0,363.0,2,9,0,49,30,10,0,0,0,0,100,1
1506,364.0,324.0,0,1,0,76,18,4,0,0,0,0,99,1
1507,990.0,450.0,47,0,7,31,2,0,0,1,0,12,100,1
1508,550.0,162.0,1,99,0,0,0,0,0,0,0,0,100,1
1509,1216.0,221.0,6,0,4,90,0,0,0,0,0,0,100,1
1510,676.0,421.0,0,1,85,3,8,0,0,0,0,3,100,1
1511,651.0,302.0,1,8,2,0,17,73,0,0,0,0,101,1
1512,1124.0,589.0,1,0,2,17,0,0,19,0,49,12,100,1
1513,942.0,382.0,13,0,42,39,5,0,0,0,0,1,100,1
1514,1087.0,285.0,2,4,2,16,77,0,0,0,0,0,101,1
1515,735.0,290.0,0,28,0,0,0,72,0,0,0,0,100,1
1516,991.0,629.0,2,0,79,17,1,0,0,0,0,1,100,1
1517,1194.0,230.0,8,0,54,27,11,0,0,0,0,1,101,1
1518,1136.0,550.0,9,3,35,41,1,0,0,0,0,12,101,1
1519,568.0,246.0,0,0,0,0,1,99,0,0,0,0,100,1
1520,660.0,299.0,2,8,11,56,10,10,0,0,0,3,100,1
1521,1136.0,562.0,7,0,25,64,4,0,0,0,0,0,100,1
1522,962.0,542.0,0,0,0,0,0,0,35,0,65,0,100,1
1523,935.0,510.0,0,0,96,0,0,0,0,4,0,0,100,1
1524,382.0,239.0,0,0,0,0,36,64,0,0,0,0,100,1
1525,1166.0,375.0,15,47,0,38,0,0,0,0,0,0,100,1
1526,511.0,385.0,5,5,70,15,3,1,0,2,0,1,102,1
1527,808.0,350.0,1,0,0,75,4,0,0,0,0,20,100,1
1528,1139.0,455.0,30,0,28,30,9,1,0,0,0,2,100,1
1529,1032.0,349.0,2,0,36,51,0,0,0,0,0,12,101,1
1530,1120.0,519.0,1,0,0,6,0,0,0,0,0,93,100,1
1531,1189.0,563.0,0,0,11,62,27,0,0,0,0,0,100,1
1532,537.0,157.0,9,5,0,5,70,10,0,0,0,0,99,1
1533,643.0,128.0,0,0,0,2,1,97,0,0,0,0,100,1
1534,540.0,366.0,3,4,80,12,1,0,0,0,0,1,101,1
1535,1023.0,588.0,8,0,67,22,2,0,0,0,0,1,100,1
1536,1187.0,471.0,15,2,2,79,2,0,0,0,0,1,101,1
1537,1066.0,389.0,0,0,41,14,2,0,0,12,0,31,100,1
1538,875.0,431.0,2,1,26,3,3,0,0,0,0,66,101,1
1539,694.0,295.0,0,0,0,0,98,2,0,0,0,0,100,1
1540,364.0,279.0,0,0,0,0,53,48,0,0,0,0,101,1
1541,505.0,352.0,0,49,0,0,0,51,0,0,0,0,100,1
1542,394.0,262.0,10,1,0,5,9,74,0,0,0,0,99,1
1543,1190.0,225.0,20,0,48,32,1,0,0,0,0,0,101,1
1544,832.0,326.0,0,0,1,1,0,0,35,0,63,0,100,1
1545,969.0,292.0,0,98,0,0,2,0,0,0,0,0,100,1
1546,514.0,308.0,0,0,0,0,0,100,0,0,0,0,100,1
1547,931.0,460.0,38,42,1,2,0,17,0,0,0,0,100,1
1548,544.0,149.0,4,0,0,29,8,60,0,0,0,0,101,1
1549,523.0,330.0,0,0,0,0,1,99,0,0,0,0,100,1
1550,422.0,282.0,0,0,49,46,5,1,0,0,0,0,101,1
1551,1034.0,465.0,2,1,72,25,0,0,0,0,0,0,100,1
1552,1066.0,402.0,8,0,55,31,2,3,0,0,0,1,100,1
1553,1085.0,523.0,34,0,0,21,0,0,0,0,0,45,100,1
1554,540.0,313.0,2,2,0,64,31,1,0,0,0,0,100,1
1555,1169.0,367.0,2,0,36,59,2,0,0,0,0,1,100,1
1556,437.0,253.0,3,1,0,81,10,5,0,0,0,0,100,1
1557,1000.0,600.0,7,3,61,17,8,0,0,0,0,6,102,1
1558,610.0,319.0,42,0,14,28,17,0,0,0,0,0,101,1
1559,613.0,276.0,0,0,0,27,36,0,0,37,0,0,100,1
1560,1244.0,207.0,23,7,31,24,1,1,0,0,0,13,100,1
1561,1071.0,574.0,0,0,72,22,3,0,0,0,0,3,100,1
1562,839.0,452.0,0,0,94,5,1,0,0,0,0,0,100,1
1563,1133.0,437.0,33,1,14,24,26,0,0,0,0,3,101,1
1564,633.0,248.0,8,0,0,22,0,0,0,2,1,67,100,1
1565,1094.0,343.0,1,1,31,55,11,0,0,0,0,0,99,1
1566,955.0,295.0,8,4,19,49,18,3,0,0,0,0,101,1
1567,935.0,364.0,0,0,11,23,4,0,0,0,0,62,100,1
1568,825.0,329.0,9,2,3,67,13,5,0,0,0,1,100,1
1569,957.0,596.0,8,0,60,30,2,0,0,0,0,0,100,1
1570,970.0,229.0,2,0,10,80,8,0,0,0,0,0,100,1
1571,1129.0,355.0,2,0,30,54,2,0,0,0,0,12,100,1
1572,1139.0,615.0,28,0,10,38,18,5,0,0,0,0,99,1
1573,937.0,363.0,18,0,14,55,12,0,0,0,0,0,99,1
1574,1069.0,373.0,2,2,41,28,26,0,0,0,0,1,100,1
1575,1115.0,467.0,6,1,9,58,23,0,0,0,0,3,100,1
1576,706.0,335.0,0,1,0,1,97,0,0,0,0,0,99,1
1577,689.0,277.0,3,0,3,86,1,0,0,2,0,6,101,1
1578,1110.0,336.0,14,0,35,14,1,0,0,0,0,36,100,1
1579,614.0,189.0,0,53,0,35,5,5,0,0,1,0,99,1
1580,373.0,117.0,0,0,0,0,0,90,0,10,0,0,100,1
1581,397.0,120.0,0,0,0,0,4,95,0,1,0,0,100,1
1582,1255.0,164.0,11,0,35,37,7,2,3,0,2,0,97,1
1583,752.0,394.0,0,1,0,36,15,48,0,0,0,0,100,1
1584,1001.0,491.0,3,0,68,28,0,0,0,1,0,0,100,1
1585,1109.0,250.0,2,0,0,3,53,41,0,1,0,1,101,1
1586,951.0,498.0,0,0,99,0,1,0,0,0,0,1,101,1
1587,631.0,289.0,16,0,0,12,7,65,0,0,0,0,100,1
1588,1020.0,407.0,2,0,0,29,0,0,0,0,0,69,100,1
1589,725.0,372.0,6,60,0,0,30,4,0,0,0,0,100,1
1590,480.0,190.0,1,53,0,0,0,46,0,0,0,0,100,1
1591,861.0,515.0,1,1,98,0,1,0,0,0,0,0,101,1
1592,862.0,460.0,1,0,80,4,4,0,0,10,2,0,101,1
1593,382.0,118.0,0,0,0,0,0,100,0,0,0,0,100,1
1594,373.0,220.0,0,0,0,0,12,87,0,1,0,0,100,1
1595,733.0,380.0,5,4,0,54,19,18,0,0,0,0,100,1
1596,747.0,265.0,4,1,5,82,10,0,0,0,0,0,102,1
1597,577.0,308.0,1,1,63,12,0,0,0,0,0,24,101,1
1598,1151.0,418.0,6,0,0,0,94,0,0,0,0,0,100,1
1599,484.0,332.0,0,86,0,0,1,12,0,1,0,0,100,1
1600,1104.0,324.0,5,38,0,0,49,8,0,0,0,0,100,1
1601,707.0,226.0,13,56,5,16,10,0,0,0,0,0,100,1
1602,1177.0,434.0,22,0,27,46,0,1,0,0,0,3,99,1
1603,1001.0,557.0,2,0,90,4,1,0,0,4,0,0,101,1
1604,1089.0,459.0,0,0,59,37,3,0,0,0,0,1,100,1
1605,778.0,469.0,0,0,9,43,12,1,0,0,26,1,92,1
1606,680.0,351.0,9,53,18,18,2,0,0,0,0,0,100,1
1607,499.0,268.0,0,9,0,0,35,56,0,0,0,0,100,1
1608,1139.0,623.0,5,0,41,35,19,0,0,0,0,0,100,1
1609,663.0,338.0,0,95,0,0,0,5,0,0,0,0,100,1
1610,674.0,336.0,0,0,0,0,91,9,0,0,0,0,100,1
1611,351.0,235.0,0,0,0,0,36,54,0,11,0,0,101,1
1612,1043.0,264.0,6,0,9,68,16,0,0,0,0,1,100,1
1613,1091.0,561.0,5,0,94,0,0,0,0,0,0,1,100,1
1614,362.0,292.0,0,0,0,0,8,90,0,2,0,0,100,1
1615,1197.0,380.0,28,0,49,17,5,0,0,0,0,1,100,1
1616,706.0,292.0,9,14,24,29,25,0,0,0,0,0,101,1
1617,1023.0,460.0,0,0,68,32,0,0,0,0,0,0,100,1
1618,1068.0,613.0,6,0,50,11,0,0,0,1,32,0,100,1
1619,670.0,339.0,17,31,1,11,39,2,0,0,0,0,101,1
1620,1060.0,350.0,0,0,0,11,7,0,0,7,0,75,100,1
1621,870.0,506.0,3,0,0,7,0,0,0,0,0,91,101,1
1622,403.0,245.0,0,40,0,0,1,59,0,0,0,0,100,1
1623,1202.0,354.0,26,3,0,64,7,0,0,0,0,1,101,1
1624,967.0,258.0,0,0,1,47,50,0,0,0,0,2,100,1
1625,570.0,205.0,0,0,0,0,85,15,0,0,0,0,100,1
1626,1115.0,420.0,0,1,23,69,6,0,0,0,0,1,100,1
1627,640.0,387.0,2,2,72,4,21,0,0,0,0,0,101,1
1628,498.0,315.0,0,0,0,0,0,100,0,0,0,0,100,1
1629,861.0,408.0,19,3,4,21,4,12,0,2,0,36,101,1
1630,546.0,302.0,0,0,0,0,0,100,0,0,0,0,100,1
1631,342.0,276.0,0,0,0,0,55,41,0,3,0,0,99,1
1632,1217.0,231.0,6,0,22,68,1,0,0,0,0,2,99,1
1633,370.0,306.0,0,3,0,0,0,97,0,0,0,0,100,1
1634,923.0,315.0,3,0,30,48,5,3,0,0,0,11,100,1
1635,927.0,505.0,7,0,75,7,2,0,0,0,0,9,100,1
1636,448.0,352.0,0,8,30,44,16,3,0,0,0,0,101,1
1637,568.0,225.0,13,44,0,0,43,1,0,0,0,0,101,1
1638,671.0,300.0,1,4,0,2,75,18,0,0,0,0,100,1
1639,1206.0,397.0,0,0,7,19,4,5,0,0,0,64,99,1
1640,929.0,531.0,6,2,70,7,15,0,0,0,0,0,100,1
1641,1153.0,364.0,2,0,21,56,19,0,0,1,0,0,99,1
1642,1135.0,430.0,24,10,27,34,5,0,0,0,0,0,100,1
1643,933.0,428.0,0,0,0,0,5,95,0,0,0,0,100,1
1644,1242.0,269.0,4,0,65,31,0,0,0,0,0,0,100,1
1645,1115.0,410.0,10,0,9,51,5,0,0,2,0,23,100,1
1646,954.0,257.0,0,0,0,0,83,17,0,0,0,0,100,1
1647,680.0,380.0,2,2,0,16,78,3,0,0,0,0,101,1
1648,982.0,344.0,3,4,31,62,0,0,0,0,0,1,101,1
1649,377.0,301.0,0,0,0,0,0,100,0,0,0,0,100,1
1650,641.0,240.0,2,1,0,49,44,4,0,0,0,0,100,1
1651,948.0,400.0,30,0,11,55,4,0,0,0,0,1,101,1
1652,549.0,219.0,0,0,0,0,72,28,0,0,0,0,100,1
1653,1166.0,390.0,0,0,79,18,2,0,0,0,0,1,100,1
1654,998.0,597.0,8,1,51,37,0,0,0,0,0,3,100,1
1655,826.0,367.0,0,0,1,97,1,0,0,0,0,1,100,1
1656,952.0,409.0,3,0,0,89,5,1,0,0,0,1,99,1
1657,1047.0,263.0,5,0,1,71,23,0,0,0,0,0,100,1
1658,1137.0,594.0,2,0,72,13,3,0,0,0,0,10,100,1
1659,607.0,240.0,15,0,3,1,7,0,0,75,0,0,101,1
1660,356.0,285.0,0,0,0,0,0,100,0,0,0,0,100,1
1661,1102.0,591.0,0,0,49,28,0,0,5,0,13,2,97,1
1662,859.0,395.0,0,0,0,2,17,82,0,0,0,0,101,1
1663,540.0,311.0,3,1,5,46,33,12,0,0,0,1,101,1
1664,397.0,263.0,0,0,0,0,3,97,0,0,0,0,100,1
1665,922.0,236.0,0,0,2,88,10,0,0,0,0,0,100,1
1666,739.0,236.0,13,49,0,0,7,30,0,0,0,0,99,1
1667,661.0,340.0,0,3,0,21,57,19,0,0,0,0,100,1
1668,116.0,429.0,0,0,0,0,100,0,0,0,0,0,100,1
1669,1269.0,163.0,11,0,73,13,0,0,0,0,0,4,101,1
1670,1104.0,244.0,1,7,0,9,0,0,0,0,83,0,100,1
1671,994.0,348.0,5,3,57,25,4,4,0,1,0,1,100,1
1672,1247.0,270.0,8,0,69,22,1,0,0,0,0,0,100,1
1673,740.0,337.0,4,3,20,17,8,0,0,0,0,47,99,1
1674,992.0,388.0,10,4,63,14,6,0,0,0,0,3,100,1
1675,353.0,128.0,0,0,0,0,42,51,0,7,0,0,100,1
1676,873.0,486.0,0,0,100,0,0,0,0,0,0,0,100,1
1677,884.0,353.0,11,0,37,25,13,0,0,1,0,14,101,1
1678,1049.0,540.0,1,0,98,0,1,0,0,0,0,1,101,1
1679,619.0,274.0,2,14,0,52,28,3,0,0,0,0,99,1
1680,435.0,318.0,26,7,2,31,35,0,0,0,0,0,101,1
1681,395.0,229.0,0,5,0,0,19,76,0,0,0,0,100,1
1682,364.0,243.0,0,0,0,0,0,100,0,0,0,0,100,1
1683,558.0,280.0,0,0,0,0,3,97,0,0,0,0,100,1
1684,630.0,183.0,0,73,0,0,10,17,0,0,0,0,100,1
1685,349.0,317.0,0,68,0,0,13,19,0,0,0,0,100,1
1686,383.0,277.0,0,13,0,0,58,29,0,0,0,0,100,1
1687,785.0,341.0,0,0,0,0,55,39,0,6,0,0,100,1
1688,1082.0,353.0,7,2,54,31,5,0,0,0,0,2,101,1
1689,490.0,317.0,0,0,0,0,8,92,0,0,0,0,100,1
1690,1132.0,625.0,0,1,90,6,1,0,0,0,0,2,100,1
1691,984.0,646.0,18,0,33,0,0,0,0,32,0,16,99,1
1692,832.0,452.0,3,0,31,60,5,0,0,0,0,1,100,1
1693,994.0,528.0,1,0,75,17,1,3,0,0,0,3,100,1
1694,726.0,244.0,0,61,0,0,5,34,0,0,0,0,100,1
1695,502.0,226.0,0,0,0,0,74,25,0,1,0,0,100,1
1696,1040.0,536.0,9,0,41,18,6,10,0,0,0,16,100,1
1697,1101.0,431.0,1,0,31,55,12,0,0,0,0,0,99,1
1698,541.0,287.0,4,1,0,0,1,94,0,0,0,0,100,1
1699,625.0,247.0,1,0,0,3,45,52,0,0,0,0,101,1
1700,988.0,641.0,1,0,39,50,0,0,0,7,0,3,100,1
1701,397.0,245.0,0,0,0,0,58,40,0,2,0,0,100,1
1702,1083.0,419.0,7,0,80,7,5,0,0,0,0,1,100,1
1703,995.0,553.0,0,0,88,8,0,0,0,3,0,1,100,1
1704,419.0,255.0,1,59,0,0,28,12,0,0,0,0,100,1
1705,441.0,388.0,3,13,12,31,15,26,0,0,0,0,100,1
1706,941.0,277.0,1,48,0,8,36,5,0,0,0,1,99,1
1707,679.0,290.0,3,1,1,15,15,65,0,0,0,0,100,1
1708,931.0,240.0,1,0,0,20,11,5,2,5,53,4,101,1
1709,894.0,503.0,10,0,89,0,0,0,0,0,0,1,100,1
1710,1016.0,599.0,6,0,91,3,0,0,0,0,0,0,100,1
1711,720.0,356.0,0,99,0,0,0,0,0,0,0,0,99,1
1712,1110.0,251.0,1,0,1,33,62,3,0,0,0,0,100,1
1713,343.0,332.0,0,2,33,45,19,1,0,0,0,2,102,1
1714,1164.0,278.0,0,0,0,63,37,0,0,0,0,0,100,1
1715,439.0,255.0,8,0,14,56,1,0,0,1,1,19,100,1
1716,468.0,323.0,0,72,0,13,14,0,0,0,0,1,100,1
1717,1134.0,493.0,33,9,9,29,7,0,0,0,0,14,101,1
1718,956.0,355.0,2,0,18,67,9,0,0,1,0,2,99,1
1719,1021.0,448.0,0,0,43,55,2,0,0,0,0,0,100,1
1720,982.0,494.0,1,3,93,1,2,0,0,0,0,0,100,1
1721,955.0,510.0,0,0,82,2,5,0,0,11,0,0,100,1
1722,1204.0,253.0,7,21,37,19,9,6,0,0,0,0,99,1
1723,918.0,306.0,11,0,13,33,10,2,0,0,0,32,101,1
1724,673.0,281.0,0,36,0,0,18,44,0,0,0,3,101,1
1725,915.0,505.0,0,0,96,4,0,0,0,0,0,0,100,1
1726,987.0,435.0,1,0,68,21,9,0,0,0,0,2,101,1
1727,653.0,134.0,3,49,7,23,1,16,0,0,0,0,99,1
1728,457.0,225.0,0,0,0,0,0,100,0,0,0,0,100,1
1729,775.0,342.0,5,0,0,40,46,9,0,0,0,0,100,1
1730,994.0,452.0,7,0,39,38,1,1,0,0,0,15,101,1
1731,901.0,486.0,16,11,22,0,1,49,0,0,0,1,100,1
1732,975.0,418.0,8,0,63,21,7,0,0,0,0,1,100,1
1733,1160.0,401.0,2,0,72,24,2,0,0,0,0,0,100,1
1734,900.0,479.0,0,0,94,3,3,0,0,0,0,0,100,1
1735,965.0,371.0,0,0,72,23,5,0,0,0,0,0,100,1
1736,1051.0,622.0,9,0,78,8,1,0,0,0,0,4,100,1
1737,916.0,496.0,0,0,98,1,1,0,0,0,0,0,100,1
1738,1045.0,433.0,6,0,46,36,13,0,0,0,0,0,101,1
1739,1077.0,613.0,9,0,58,23,2,0,0,0,0,8,100,1
1740,918.0,318.0,0,0,0,0,0,0,5,0,95,0,100,1
1741,694.0,248.0,7,8,0,7,46,23,0,0,0,10,101,1
1742,864.0,334.0,0,0,13,50,21,0,0,8,0,9,101,1
1743,1092.0,591.0,0,0,0,0,0,0,33,0,67,0,100,1
1744,1086.0,273.0,0,0,3,13,61,16,0,3,0,4,100,1
1745,730.0,306.0,1,4,6,75,9,5,0,0,0,0,100,1
1746,1066.0,560.0,0,0,88,5,6,0,0,0,0,1,100,1
1747,656.0,394.0,1,2,80,10,7,0,0,0,0,0,100,1
1748,971.0,353.0,1,0,65,35,0,0,0,0,0,0,101,1
1749,1083.0,430.0,6,0,42,29,24,0,0,0,0,0,101,1
1750,445.0,193.0,0,0,0,0,74,25,0,1,0,0,100,1
1751,662.0,346.0,13,8,14,48,7,5,0,0,0,5,100,1
1752,525.0,284.0,0,0,0,0,0,100,0,0,0,0,100,1
1753,867.0,499.0,0,0,100,0,0,0,0,0,0,0,100,1
1754,436.0,356.0,2,7,62,11,18,1,0,0,0,0,101,1
1755,375.0,255.0,0,8,0,0,1,91,0,0,0,0,100,1
1756,1181.0,526.0,7,0,25,52,7,0,0,0,0,10,101,1
1757,988.0,597.0,0,0,71,28,2,0,0,0,0,0,101,1
1758,995.0,610.0,8,0,61,23,8,0,0,0,0,0,100,1
1759,459.0,175.0,0,0,0,0,100,0,0,0,0,0,100,1
1760,896.0,420.0,3,0,18,73,3,0,0,0,0,3,100,1
1761,1149.0,493.0,11,0,29,22,20,0,0,1,0,18,101,1
1762,1038.0,555.0,17,0,67,14,0,0,0,0,0,1,99,1
1763,868.0,400.0,0,0,0,1,22,77,0,0,0,0,100,1
1764,1009.0,378.0,10,0,52,36,0,0,0,0,0,2,100,1
1765,347.0,316.0,8,0,0,48,41,0,0,0,0,3,100,1
1766,1035.0,527.0,1,0,93,6,0,0,0,0,0,0,100,1
1767,948.0,385.0,2,0,13,15,7,0,0,1,0,61,99,1
1768,1052.0,475.0,3,0,55,33,8,0,0,0,0,1,100,1
1769,577.0,253.0,6,55,0,0,18,21,0,0,0,0,100,1
1770,453.0,353.0,21,10,38,21,9,2,0,0,0,0,101,1
1771,1045.0,643.0,1,1,77,16,4,0,0,0,0,1,100,1
1772,1018.0,307.0,8,1,5,63,19,3,0,0,0,0,99,1
1773,848.0,361.0,0,0,0,0,14,86,0,0,0,0,100,1
1774,1020.0,527.0,0,0,100,0,0,0,0,0,0,0,100,1
1775,1110.0,574.0,13,0,16,18,1,0,0,0,0,53,101,1
1776,455.0,340.0,10,1,24,50,14,0,0,0,0,1,100,1
1777,1196.0,356.0,3,0,38,58,2,0,0,0,0,0,101,1
1778,1237.0,226.0,3,0,55,31,10,0,0,0,0,1,100,1
1779,453.0,134.0,0,0,0,0,0,100,0,0,0,0,100,1
1780,897.0,437.0,36,1,28,29,6,0,0,0,0,0,100,1
1781,879.0,351.0,1,0,3,81,8,1,0,0,0,7,101,1
1782,972.0,221.0,0,0,18,64,17,0,0,0,0,0,99,1
1783,1048.0,422.0,10,0,78,9,3,0,0,0,0,0,100,1
1784,808.0,364.0,2,1,0,74,21,0,0,0,0,4,102,1
1785,1006.0,353.0,1,0,16,81,0,0,0,1,0,2,101,1
1786,1179.0,406.0,0,0,72,26,3,0,0,0,0,0,101,1
1787,1209.0,407.0,11,1,4,0,2,0,0,0,5,61,84,1
1788,1063.0,365.0,2,0,75,12,12,0,0,0,0,0,101,1
1789,335.0,291.0,0,0,0,0,1,98,0,1,0,0,100,1
1790,429.0,239.0,25,31,0,0,8,36,0,0,0,0,100,1
1791,412.0,197.0,0,0,0,0,4,88,0,8,0,0,100,1
1792,833.0,407.0,0,0,0,0,0,100,0,0,0,0,100,1
1793,998.0,380.0,17,6,55,17,5,0,0,0,0,0,100,1
1794,1028.0,284.0,0,0,0,0,23,77,0,0,0,0,100,1
1795,1007.0,524.0,0,0,98,0,2,0,0,0,0,0,100,1
1796,451.0,132.0,0,23,0,0,0,77,0,0,0,0,100,1
1797,1056.0,280.0,19,33,0,8,40,0,0,0,0,0,100,1
1798,990.0,489.0,61,3,2,17,3,0,0,15,0,0,101,1
1799,830.0,317.0,0,0,2,21,7,0,0,0,37,34,101,1
1800,1014.0,533.0,0,0,96,3,0,1,0,0,0,1,101,1
1801,954.0,432.0,1,0,28,63,4,0,0,0,0,4,100,1
1802,892.0,348.0,8,0,5,11,3,0,0,0,0,73,100,1
1803,1018.0,319.0,3,0,24,47,25,2,0,0,0,0,101,1
1804,461.0,308.0,0,0,0,0,6,94,0,0,0,0,100,1
1805,1156.0,523.0,9,0,17,73,0,0,0,0,0,1,100,1
1806,985.0,533.0,0,0,91,5,4,0,0,0,0,1,101,1
1807,384.0,290.0,0,0,0,0,38,62,0,0,0,0,100,1
1808,911.0,484.0,24,0,76,0,1,0,0,0,0,0,101,1
1809,842.0,501.0,0,0,40,7,12,0,0,0,0,41,100,1
1810,439.0,242.0,1,28,0,0,0,71,0,1,0,0,101,1
1811,947.0,413.0,1,0,0,98,1,0,0,0,0,0,100,1
1812,1244.0,238.0,6,5,33,0,0,0,34,0,22,0,100,1
1813,969.0,600.0,22,15,57,5,2,0,0,0,0,0,101,1
1814,1074.0,296.0,1,1,0,24,72,1,0,0,0,0,99,1
1815,1096.0,316.0,9,31,8,15,29,7,0,0,0,1,100,1
1816,976.0,554.0,0,0,100,0,0,0,0,0,0,0,100,1
1817,1154.0,520.0,3,0,49,44,3,0,0,0,0,1,100,1
1818,1069.0,457.0,44,3,33,17,4,0,0,0,0,0,101,1
1819,1073.0,264.0,20,0,2,64,12,0,0,0,0,3,101,1
1820,999.0,337.0,2,1,0,8,27,63,0,0,0,0,101,1
1821,1161.0,440.0,0,0,88,8,3,1,0,0,0,0,100,1
1822,441.0,384.0,0,0,38,6,8,48,0,0,0,0,100,1
1823,685.0,286.0,2,3,0,0,0,95,0,0,0,0,100,1
1824,1103.0,436.0,14,0,42,25,20,0,0,0,0,0,101,1
1825,376.0,251.0,0,0,0,0,4,96,0,0,0,0,100,1
1826,1160.0,434.0,8,0,86,6,0,0,0,0,0,0,100,1
1827,1195.0,464.0,3,0,46,0,0,5,4,5,21,16,100,1
1828,997.0,356.0,2,0,93,1,0,0,0,1,0,2,99,1
1829,597.0,274.0,2,16,5,73,3,0,0,0,0,2,101,1
1830,448.0,351.0,3,7,51,34,1,0,0,3,0,1,100,1
1831,983.0,643.0,0,0,100,0,0,0,0,0,0,0,100,1
1832,777.0,427.0,7,0,3,35,3,0,0,0,0,52,100,1
1833,949.0,264.0,23,27,0,1,18,31,0,0,0,0,100,1
1834,713.0,400.0,13,11,3,62,11,0,0,0,0,0,100,1
1835,972.0,435.0,0,0,26,53,12,7,0,1,0,1,100,1
1836,381.0,123.0,0,0,0,0,1,99,0,0,0,0,100,1
1837,803.0,449.0,0,0,0,0,0,100,0,0,0,0,100,1
1838,1186.0,491.0,36,0,53,11,0,0,0,0,0,0,100,1
1839,495.0,220.0,0,0,0,0,100,0,0,0,0,0,100,1
1840,809.0,429.0,1,0,62,32,4,0,0,0,0,1,100,1
1841,1194.0,419.0,12,0,1,0,14,73,0,0,0,1,101,1
1842,630.0,376.0,1,0,68,11,17,3,0,0,0,0,100,1
1843,1175.0,571.0,8,0,33,59,0,0,0,0,0,0,100,1
1844,655.0,348.0,1,9,0,28,62,1,0,0,0,0,101,1
1845,1140.0,608.0,54,0,4,41,0,0,0,0,0,1,100,1
1846,1144.0,357.0,0,0,57,20,23,0,0,0,0,0,100,1
1847,390.0,256.0,1,0,0,5,14,14,0,67,0,0,101,1
1848,564.0,253.0,60,0,0,12,4,24,0,1,0,0,101,1
1849,1226.0,187.0,0,0,64,23,4,7,0,0,0,1,99,1
1850,552.0,138.0,0,0,0,0,86,14,0,0,0,0,100,1
1851,949.0,424.0,8,1,4,22,4,1,0,61,0,0,101,1
1852,972.0,465.0,0,0,29,61,9,0,0,0,0,0,99,1
1853,480.0,337.0,0,0,0,0,0,100,0,0,0,0,100,1
1854,1249.0,183.0,8,0,67,11,6,8,0,0,0,0,100,1
1855,1153.0,386.0,1,0,44,46,3,0,0,0,0,7,101,1
1856,967.0,630.0,0,0,97,3,0,0,0,0,0,0,100,1
1857,669.0,369.0,2,2,83,6,6,0,0,0,0,1,100,1
1858,642.0,353.0,0,3,0,23,62,12,0,0,0,0,100,1
1859,562.0,309.0,3,22,2,61,11,0,0,0,0,0,99,1
1860,534.0,296.0,0,0,0,0,19,81,0,0,0,0,100,1
1861,850.0,456.0,4,4,50,14,1,0,0,0,0,27,100,1
1862,1069.0,241.0,9,0,1,85,4,1,0,0,0,0,100,1
1863,1158.0,587.0,1,0,41,54,3,0,0,0,0,1,100,1
1864,852.0,444.0,3,1,40,26,2,1,0,0,0,26,99,1
1865,827.0,379.0,0,0,2,19,60,18,0,0,0,1,100,1
1866,967.0,273.0,0,0,0,0,92,4,0,4,0,0,100,1
1867,529.0,361.0,42,6,24,26,2,1,0,0,0,0,101,1
1868,935.0,390.0,4,0,0,91,2,3,0,0,0,0,100,1
1869,1136.0,341.0,0,0,33,56,10,0,0,0,0,0,99,1
1870,774.0,305.0,2,0,20,64,12,1,0,0,0,1,100,1
1871,1192.0,522.0,3,0,0,66,31,0,0,0,0,0,100,1
1872,572.0,282.0,0,0,0,0,38,62,0,0,0,0,100,1
1873,805.0,352.0,3,0,7,53,11,0,0,0,0,26,100,1
1874,847.0,482.0,2,0,67,18,12,0,0,0,0,0,99,1
1875,1048.0,642.0,2,0,71,24,1,0,0,0,0,2,100,1
1876,591.0,188.0,2,61,0,1,15,21,0,0,0,0,100,1
1877,1019.0,400.0,2,1,51,14,0,0,0,26,0,7,101,1
1878,1002.0,409.0,19,4,0,40,0,31,0,1,0,5,100,1
1879,1090.0,291.0,5,18,0,35,41,0,0,0,0,1,100,1
1880,1177.0,270.0,3,1,21,73,1,0,0,0,0,0,99,1
1881,877.0,367.0,32,2,1,38,8,3,0,7,0,10,101,1
1882,860.0,369.0,14,1,1,65,10,0,0,0,0,9,100,1
1883,1196.0,414.0,14,2,23,55,4,0,0,2,0,1,101,1
1884,966.0,457.0,3,0,9,23,6,1,0,0,0,58,100,1
1885,815.0,313.0,0,3,0,12,79,5,0,0,0,1,100,1
1886,356.0,312.0,0,0,0,0,0,100,0,0,0,0,100,1
1887,872.0,383.0,0,0,0,0,26,74,0,0,0,0,100,1
1888,478.0,177.0,0,0,0,0,44,56,0,0,0,0,100,1
1889,389.0,288.0,0,0,0,0,24,76,0,0,0,0,100,1
1890,1042.0,402.0,0,0,80,15,5,0,0,0,0,0,100,1
1891,997.0,335.0,12,2,43,40,1,1,0,0,0,2,101,1
1892,965.0,420.0,0,0,57,39,2,2,0,1,0,0,101,1
1893,1132.0,476.0,4,0,23,56,14,1,0,0,0,2,100,1
1894,692.0,251.0,0,75,0,0,18,6,0,0,0,2,101,1
1895,1117.0,445.0,0,0,56,31,13,0,0,0,0,0,100,1
1896,822.0,503.0,0,0,95,5,1,0,0,0,0,0,101,1
1897,1131.0,383.0,13,1,71,13,1,0,0,0,0,1,100,1
1898,429.0,218.0,0,0,0,0,15,85,0,0,0,0,100,1
1899,997.0,473.0,3,0,62,28,2,0,0,0,0,5,100,1
1900,715.0,347.0,17,22,15,32,13,1,0,0,0,0,100,1
1901,87.0,464.0,0,0,0,23,51,6,0,2,2,2,86,1
1902,963.0,343.0,0,0,20,76,3,0,0,0,0,1,100,1
1903,497.0,309.0,0,0,0,0,0,100,0,0,0,0,100,1
1904,1087.0,497.0,74,0,9,17,0,0,0,0,0,0,100,1
1905,444.0,208.0,0,0,0,0,0,100,0,0,0,0,100,1
1906,812.0,457.0,14,1,62,7,14,2,0,0,0,0,100,1
1907,735.0,281.0,1,0,18,62,19,1,0,0,0,0,101,1
1908,599.0,263.0,3,0,23,61,8,4,0,0,0,0,99,1
1909,927.0,495.0,6,0,41,27,25,1,0,0,0,0,100,1
1910,533.0,294.0,0,0,0,1,53,47,0,0,0,0,101,1
1911,1044.0,303.0,9,4,37,41,9,0,0,0,0,1,101,1
1912,983.0,567.0,5,0,83,7,4,0,0,0,0,1,100,1
1913,1016.0,531.0,0,0,98,0,2,0,0,0,0,0,100,1
1914,979.0,454.0,0,0,15,20,14,0,0,0,0,51,100,1
1915,1014.0,305.0,3,1,1,31,53,12,0,0,0,0,101,1
1916,755.0,240.0,31,13,30,22,5,0,0,0,0,0,101,1
1917,673.0,294.0,0,0,26,39,31,3,0,0,0,2,101,1
1918,1008.0,578.0,16,55,26,3,0,0,0,0,0,0,100,1
1919,1184.0,263.0,15,16,7,55,6,0,0,0,0,0,99,1
1920,961.0,351.0,0,1,21,71,5,1,0,0,0,1,100,1
1921,484.0,311.0,0,0,0,0,0,100,0,0,0,0,100,1
1922,892.0,343.0,0,0,82,9,0,0,0,1,0,8,100,1
1923,643.0,256.0,5,0,15,43,3,0,0,0,0,34,100,1
1924,676.0,333.0,1,0,0,3,78,18,0,0,0,0,100,1
1925,451.0,173.0,0,8,0,2,62,27,0,0,0,0,99,1
1926,995.0,417.0,0,0,79,4,0,0,0,0,0,17,100,1
1927,567.0,338.0,0,0,0,26,0,0,0,0,0,74,100,1
1928,763.0,368.0,0,0,0,0,0,100,0,0,0,0,100,1
1929,1128.0,600.0,0,0,84,15,1,0,0,0,0,1,101,1
1930,1057.0,371.0,1,0,73,7,19,0,0,0,0,0,100,1
1931,883.0,475.0,8,0,71,0,0,20,0,0,0,0,99,1
1932,525.0,299.0,0,0,0,0,1,99,0,0,0,0,100,1
1933,1186.0,561.0,13,0,24,57,6,0,0,0,0,0,100,1
1934,691.0,296.0,13,48,0,0,18,22,0,0,0,0,101,1
1935,611.0,251.0,14,0,11,42,29,3,0,0,0,1,100,1
1936,1183.0,230.0,0,0,22,76,1,1,0,0,0,0,100,1
1937,721.0,389.0,1,3,0,49,39,8,0,0,0,1,101,1
1938,1197.0,467.0,2,0,8,32,0,0,14,0,31,12,99,1
1939,1062.0,252.0,2,0,1,17,81,0,0,0,0,0,101,1
1940,589.0,196.0,0,33,0,0,0,1,0,67,0,0,101,1
1941,1025.0,406.0,4,1,17,26,49,4,0,0,0,0,101,1
1942,999.0,542.0,1,0,98,1,0,0,0,1,0,0,101,1
1943,1215.0,447.0,24,0,13,52,10,0,0,0,0,1,100,1
1944,666.0,334.0,12,77,7,2,2,1,0,0,0,0,101,1
1945,904.0,538.0,0,0,87,9,4,0,0,0,0,0,100,1
1946,835.0,497.0,0,0,68,10,21,2,0,0,0,0,101,1
1947,1099.0,462.0,3,0,81,14,1,0,0,0,0,0,99,1
1948,786.0,380.0,3,0,0,82,14,0,0,0,0,1,100,1
1949,1114.0,406.0,8,0,8,72,12,0,0,0,0,0,100,1
1950,1191.0,330.0,0,0,92,8,0,0,0,0,0,0,100,1
1951,1048.0,344.0,1,1,61,14,21,2,0,0,0,1,101,1
1952,341.0,295.0,0,0,0,0,0,100,0,0,0,0,100,1
1953,520.0,286.0,0,0,0,0,0,100,0,0,0,0,100,1
1954,1113.0,552.0,5,0,0,32,0,0,0,4,0,59,100,1
1955,1019.0,534.0,0,0,95,3,2,0,0,0,0,0,100,1
1956,365.0,261.0,0,0,0,0,75,25,0,0,0,0,100,1
1957,1049.0,511.0,8,0,57,16,6,0,0,7,0,6,100,1
1958,1146.0,348.0,7,0,3,52,37,1,0,0,0,0,100,1
1959,476.0,294.0,12,14,18,41,14,2,0,0,0,1,102,1
1960,1071.0,591.0,1,0,73,20,6,0,0,0,0,0,100,1
1961,939.0,275.0,12,51,0,0,25,11,0,1,0,0,100,1
1962,641.0,391.0,3,0,93,2,1,0,0,0,0,1,100,1
1963,717.0,246.0,0,0,0,0,57,43,0,0,0,0,100,1
1964,978.0,446.0,0,0,81,16,2,0,0,0,0,1,100,1
1965,905.0,435.0,1,0,33,24,2,0,0,1,0,39,100,1
1966,738.0,254.0,0,22,0,1,23,54,0,0,0,0,100,1
1967,1203.0,357.0,17,7,40,36,0,0,0,0,0,0,100,1
1968,1027.0,638.0,4,0,87,7,1,0,0,0,0,1,100,1
1969,1141.0,460.0,13,8,49,30,1,0,0,0,0,0,101,1
1970,1134.0,461.0,29,1,18,19,26,2,0,0,0,5,100,1
1971,1177.0,447.0,15,0,1,51,11,0,0,0,0,22,100,1
1972,1166.0,379.0,3,2,90,5,0,0,0,0,0,0,100,1
1973,1043.0,566.0,32,0,56,3,9,0,0,0,0,0,100,1
1974,381.0,280.0,0,0,0,0,0,100,0,0,0,0,100,1
1975,1176.0,322.0,0,0,17,2,22,0,0,0,0,59,100,1
1976,1105.0,369.0,8,2,42,33,9,0,0,0,0,5,99,1
1977,575.0,266.0,10,1,0,5,28,0,0,55,0,0,99,1
1978,1069.0,192.0,14,0,24,48,14,0,0,0,0,1,101,1
1979,988.0,283.0,0,22,0,1,72,4,0,0,0,0,99,1
1980,957.0,569.0,9,1,72,17,2,0,0,0,0,0,101,1
1981,559.0,286.0,0,0,0,0,0,100,0,0,0,0,100,1
1982,996.0,610.0,3,0,88,7,2,0,0,0,0,0,100,1
1983,733.0,324.0,0,0,29,22,13,1,0,0,0,36,101,1
1984,749.0,303.0,0,0,0,0,0,0,100,0,0,0,100,1
1985,1160.0,555.0,9,6,10,8,3,0,0,0,0,63,99,1
1986,1165.0,484.0,36,8,2,39,5,6,0,0,0,3,99,1
1987,454.0,122.0,0,0,0,0,28,72,0,0,0,0,100,1
1988,1075.0,206.0,13,0,4,77,6,0,0,0,0,0,100,1
1989,737.0,407.0,11,1,35,39,3,1,0,3,0,6,99,1
1990,521.0,257.0,0,32,0,0,6,8,0,54,0,0,100,1
1991,1183.0,479.0,32,0,53,3,12,0,0,0,0,0,100,1
1992,536.0,354.0,11,11,52,19,5,1,0,0,0,1,100,1
1993,877.0,463.0,0,0,80,0,15,0,0,0,0,5,100,1
1994,346.0,153.0,0,0,0,0,0,86,0,14,0,0,100,1
1995,884.0,461.0,0,0,45,49,6,0,0,0,0,0,100,1
1996,939.0,353.0,0,0,47,51,2,0,0,0,0,0,100,1
1997,640.0,346.0,17,17,2,14,25,25,0,0,0,0,100,1
1998,537.0,367.0,16,26,52,6,0,0,0,0,0,0,100,1
1999,401.0,112.0,0,0,0,0,3,97,0,0,0,0,100,1
