,topography
0,21.0
1,34.0
2,2.0
3,1.0
4,0.0
5,9.0
6,0.0
7,-6.0
8,-8.0
9,2.0
10,0.0
11,31.0
12,-2.0
13,-18.0
14,-5.0
15,0.0
16,-16.0
17,-2.0
18,-1.0
19,96.0
20,36.0
21,0.0
22,0.0
23,-24.0
24,-12.0
25,-32.0
26,-134.0
27,-3.0
28,-1.0
29,32769.0
30,1.0
31,5.0
32,-4.0
33,23.0
34,-4.0
35,-5.0
36,-47.0
37,-3.0
38,-44.0
39,54.0
40,0.0
41,-12.0
42,15.0
43,-85.0
44,0.0
45,0.0
46,0.0
47,-1.0
48,18.0
49,-2.0
50,-10.0
51,-2.0
52,0.0
53,-176.0
54,-4.0
55,1.0
56,0.0
57,13.0
58,-6.0
59,16.0
60,-1.0
61,-40.0
62,0.0
63,-21.0
64,20.0
65,-1.0
66,4.0
67,56.0
68,32708.0
69,3.0
70,1.0
71,2.0
72,0.0
73,60.0
74,-11.0
75,-3.0
76,32766.0
77,7.0
78,0.0
79,0.0
80,-13.0
81,1.0
82,3.0
83,-2.0
84,-141.0
85,0.0
86,-1.0
87,3.0
88,-3.0
89,-13.0
90,0.0
91,-1.0
92,15.0
93,7.0
94,-3.0
95,2.0
96,-29.0
97,5.0
98,5.0
99,0.0
100,32747.0
101,-1.0
102,-1.0
103,4.0
104,-2.0
105,3.0
106,-1.0
107,-91.0
108,-13.0
109,0.0
110,-1.0
111,0.0
112,-1.0
113,1.0
114,0.0
115,2.0
116,-3.0
117,0.0
118,10.0
119,20.0
120,79.0
121,-13.0
122,1.0
123,33.0
124,5.0
125,1.0
126,7.0
127,-1.0
128,0.0
129,7.0
130,0.0
131,19.0
132,-5.0
133,5.0
134,-9.0
135,-2.0
136,0.0
137,-3.0
138,-18.0
139,-16.0
140,1.0
141,0.0
142,0.0
143,2.0
144,3.0
145,0.0
146,-1.0
147,16.0
148,1.0
149,-2.0
150,0.0
151,-1.0
152,-1.0
153,10.0
154,0.0
155,37.0
156,-9.0
157,110.0
158,0.0
159,12.0
160,-2.0
161,-11.0
162,0.0
163,-37.0
164,-11.0
165,-34.0
166,88.0
167,4.0
168,0.0
169,-20.0
170,-24.0
171,18.0
172,3.0
173,0.0
174,0.0
175,150.0
176,4.0
177,-3.0
178,-12.0
179,17.0
180,-19.0
181,0.0
182,0.0
183,2.0
184,0.0
185,1.0
186,-5.0
187,-8.0
188,134.0
189,40.0
190,8.0
191,-3.0
192,12.0
193,-68.0
194,-12.0
195,0.0
196,0.0
197,-4.0
198,-2.0
199,4.0
200,3.0
201,22.0
202,14.0
203,-4.0
204,32745.0
205,-3.0
206,32766.0
207,49.0
208,0.0
209,4.0
210,-71.0
211,-1.0
212,-4.0
213,2.0
214,0.0
215,1.0
216,19.0
217,-244.0
218,1.0
219,-89.0
220,-3.0
221,8.0
222,-9.0
223,5.0
224,-14.0
225,-11.0
226,-2.0
227,2.0
228,1.0
229,0.0
230,29.0
231,32755.0
232,0.0
233,0.0
234,1.0
235,10.0
236,0.0
237,-54.0
238,0.0
239,3.0
240,-4.0
241,155.0
242,1.0
243,11.0
244,0.0
245,0.0
246,-22.0
247,-1.0
248,0.0
249,-10.0
250,-9.0
251,-10.0
252,2.0
253,-68.0
254,1.0
255,0.0
256,0.0
257,2.0
258,0.0
259,6.0
260,-3.0
261,1.0
262,-7.0
263,-4.0
264,-27.0
265,6.0
266,5.0
267,0.0
268,0.0
269,2.0
270,-1.0
271,0.0
272,-15.0
273,0.0
274,7.0
275,3.0
276,-47.0
277,0.0
278,0.0
279,2.0
280,2.0
281,0.0
282,3.0
283,-1.0
284,-50.0
285,0.0
286,-32757.0
287,1.0
288,-1.0
289,1.0
290,7.0
291,-15.0
292,-12.0
293,-4.0
294,0.0
295,-1.0
296,2.0
297,0.0
298,9.0
299,-35.0
300,28.0
301,0.0
302,-29.0
303,8.0
304,13.0
305,-14.0
306,0.0
307,12.0
308,9.0
309,-12.0
310,-3.0
311,0.0
312,-6.0
313,-1.0
314,0.0
315,11.0
316,0.0
317,1.0
318,0.0
319,-3.0
320,84.0
321,-11.0
322,10.0
323,0.0
324,-5.0
325,0.0
326,0.0
327,-3.0
328,6.0
329,0.0
330,-6.0
331,2.0
332,0.0
333,-6.0
334,0.0
335,-3.0
336,46.0
337,2.0
338,26.0
339,9.0
340,-34.0
341,0.0
342,16.0
343,2.0
344,4.0
345,-1.0
346,17.0
347,5.0
348,4.0
349,-1.0
350,6.0
351,-6.0
352,11.0
353,11.0
354,10.0
355,0.0
356,14.0
357,-10.0
358,-7.0
359,42.0
360,2.0
361,6.0
362,1.0
363,3.0
364,-10.0
365,0.0
366,61.0
367,0.0
368,-24.0
369,0.0
370,-1.0
371,4.0
372,-5.0
373,3.0
374,-20.0
375,-1.0
376,-7.0
377,-1.0
378,-32766.0
379,-3.0
380,-19.0
381,1.0
382,-1.0
383,0.0
384,-1.0
385,-9.0
386,4.0
387,2.0
388,17.0
389,32774.0
390,32766.0
391,1.0
392,5.0
393,0.0
394,0.0
395,5.0
396,3.0
397,-1.0
398,46.0
399,0.0
400,0.0
401,10.0
402,0.0
403,1.0
404,-2.0
405,0.0
406,32.0
407,0.0
408,-32782.0
409,-3.0
410,1.0
411,2.0
412,3.0
413,15.0
414,23.0
415,1.0
416,0.0
417,2.0
418,1.0
419,-1.0
420,-1.0
421,-41.0
422,32763.0
423,-35.0
424,-106.0
425,-4.0
426,0.0
427,3.0
428,-8.0
429,17.0
430,-5.0
431,15.0
432,-28.0
433,-2.0
434,97.0
435,4.0
436,-4.0
437,0.0
438,0.0
439,0.0
440,-1.0
441,6.0
442,18.0
443,-6.0
444,0.0
445,-1.0
446,1.0
447,0.0
448,0.0
449,-2.0
450,2.0
451,77.0
452,-1.0
453,3.0
454,-4.0
455,1.0
456,4.0
457,1.0
458,1.0
459,-12.0
460,0.0
461,-8.0
462,1.0
463,2.0
464,1.0
465,-5.0
466,2.0
467,-1.0
468,16.0
469,0.0
470,0.0
471,0.0
472,0.0
473,0.0
474,0.0
475,41.0
476,1.0
477,2.0
478,-4.0
479,-1.0
480,-64.0
481,-2.0
482,0.0
483,0.0
484,-2.0
485,0.0
486,10.0
487,2.0
488,-3.0
489,48.0
490,-10.0
491,-37.0
492,21.0
493,14.0
494,119.0
495,40.0
496,72.0
497,-12.0
498,0.0
499,8.0
500,-61.0
501,-1.0
502,-9.0
503,0.0
504,3.0
505,-55.0
506,2.0
507,-14.0
508,-5.0
509,-15.0
510,-5.0
511,0.0
512,-10.0
513,-3.0
514,0.0
515,21.0
516,-15.0
517,20.0
518,-45.0
519,-2.0
520,-20.0
521,-2.0
522,-4.0
523,-19.0
524,-78.0
525,-32.0
526,1.0
527,0.0
528,-183.0
529,76.0
530,55.0
531,0.0
532,2.0
533,0.0
534,-5.0
535,3.0
536,3.0
537,1.0
538,-2.0
539,0.0
540,0.0
541,174.0
542,-3.0
543,27.0
544,-3.0
545,0.0
546,13.0
547,-25.0
548,-2.0
549,-10.0
550,-7.0
551,7.0
552,0.0
553,8.0
554,0.0
555,0.0
556,-43.0
557,3.0
558,0.0
559,6.0
560,-8.0
561,3.0
562,-3.0
563,6.0
564,-30.0
565,-1.0
566,-2.0
567,13.0
568,-7.0
569,-2.0
570,-20.0
571,-14.0
572,-7.0
573,1.0
574,-1.0
575,-27.0
576,-22.0
577,1.0
578,-6.0
579,66.0
580,-1.0
581,-7.0
582,-7.0
583,-5.0
584,-1.0
585,19.0
586,0.0
587,1.0
588,-1.0
589,-5.0
590,1.0
591,1.0
592,-4.0
593,0.0
594,-3.0
595,0.0
596,-25.0
597,3.0
598,6.0
599,28.0
600,-11.0
601,-1.0
602,0.0
603,9.0
604,103.0
605,-1.0
606,-7.0
607,6.0
608,1.0
609,-8.0
610,5.0
611,0.0
612,-29.0
613,1.0
614,9.0
615,-20.0
616,9.0
617,-6.0
618,-2.0
619,-3.0
620,-5.0
621,47.0
622,2.0
623,1.0
624,3.0
625,-1.0
626,-22.0
627,4.0
628,-1.0
629,0.0
630,-1.0
631,0.0
632,-5.0
633,0.0
634,0.0
635,-17.0
636,-34.0
637,3.0
638,-9.0
639,0.0
640,-32.0
641,-2.0
642,0.0
643,127.0
644,0.0
645,0.0
646,-11.0
647,0.0
648,0.0
649,3.0
650,0.0
651,0.0
652,-4.0
653,-1.0
654,1.0
655,32766.0
656,-25.0
657,3.0
658,0.0
659,-80.0
660,-37.0
661,2.0
662,-27.0
663,-20.0
664,-3.0
665,-25.0
666,11.0
667,1.0
668,2.0
669,11.0
670,-1.0
671,7.0
672,-17.0
673,-32.0
674,-102.0
675,3.0
676,23.0
677,-4.0
678,-1.0
679,-1.0
680,-2.0
681,32756.0
682,0.0
683,-1.0
684,-11.0
685,22.0
686,3.0
687,0.0
688,6.0
689,27.0
690,-32868.0
691,0.0
692,0.0
693,2.0
694,8.0
695,-26.0
696,-13.0
697,1.0
698,-5.0
699,-54.0
700,-85.0
701,-6.0
702,29.0
703,0.0
704,-4.0
705,7.0
706,0.0
707,82.0
708,-5.0
709,-8.0
710,1.0
711,0.0
712,-3.0
713,10.0
714,-4.0
715,13.0
716,53.0
717,0.0
718,2.0
719,0.0
720,1.0
721,121.0
722,1.0
723,1.0
724,-10.0
725,0.0
726,3.0
727,-25.0
728,57.0
729,0.0
730,-15.0
731,-2.0
732,0.0
733,-2.0
734,-7.0
735,-2.0
736,35.0
737,22.0
738,3.0
739,-6.0
740,14.0
741,8.0
742,0.0
743,-3.0
744,-1.0
745,5.0
746,-9.0
747,-19.0
748,-1.0
749,-71.0
750,88.0
751,-3.0
752,32767.0
753,1.0
754,-4.0
755,-6.0
756,-3.0
757,3.0
758,-1.0
759,0.0
760,-1.0
761,0.0
762,-1.0
763,0.0
764,0.0
765,-9.0
766,-53.0
767,0.0
768,1.0
769,-9.0
770,18.0
771,-18.0
772,0.0
773,0.0
774,4.0
775,27.0
776,0.0
777,-29.0
778,1.0
779,2.0
780,21.0
781,-5.0
782,46.0
783,24.0
784,1.0
785,21.0
786,-4.0
787,0.0
788,7.0
789,-6.0
790,-1.0
791,0.0
792,46.0
793,16.0
794,1.0
795,-49.0
796,-30.0
797,11.0
798,-1.0
799,0.0
800,8.0
801,1.0
802,3.0
803,0.0
804,3.0
805,-6.0
806,-11.0
807,-12.0
808,0.0
809,0.0
810,-5.0
811,-1.0
812,-314.0
813,9.0
814,6.0
815,0.0
816,-35.0
817,8.0
818,-2.0
819,-5.0
820,-2.0
821,-2.0
822,1.0
823,-19.0
824,0.0
825,-5.0
826,2.0
827,1.0
828,-2.0
829,0.0
830,0.0
831,9.0
832,1.0
833,59.0
834,0.0
835,6.0
836,-1.0
837,-1.0
838,-5.0
839,-12.0
840,-37.0
841,-6.0
842,5.0
843,0.0
844,9.0
845,0.0
846,0.0
847,13.0
848,45.0
849,-6.0
850,0.0
851,-4.0
852,-1.0
853,85.0
854,-5.0
855,-20.0
856,1.0
857,-53.0
858,10.0
859,0.0
860,-32766.0
861,0.0
862,0.0
863,13.0
864,32766.0
865,0.0
866,0.0
867,55.0
868,3.0
869,-1.0
870,0.0
871,-2.0
872,0.0
873,29.0
874,0.0
875,-24.0
876,-1.0
877,1.0
878,0.0
879,12.0
880,0.0
881,14.0
882,1.0
883,-10.0
884,-4.0
885,-9.0
886,-6.0
887,-52.0
888,-64.0
889,1.0
890,-5.0
891,-3.0
892,1.0
893,-16.0
894,1.0
895,8.0
896,18.0
897,0.0
898,0.0
899,0.0
900,3.0
901,0.0
902,1.0
903,-5.0
904,3.0
905,-37.0
906,-5.0
907,0.0
908,26.0
909,4.0
910,6.0
911,5.0
912,170.0
913,8.0
914,-3.0
915,15.0
916,0.0
917,106.0
918,4.0
919,1.0
920,1.0
921,-3.0
922,-8.0
923,9.0
924,-7.0
925,0.0
926,0.0
927,0.0
928,1.0
929,-144.0
930,-6.0
931,-13.0
932,1.0
933,3.0
934,-1.0
935,0.0
936,0.0
937,-3.0
938,-1.0
939,0.0
940,-1.0
941,0.0
942,0.0
943,-6.0
944,0.0
945,-7.0
946,-1.0
947,2.0
948,0.0
949,0.0
950,0.0
951,0.0
952,0.0
953,252.0
954,-4.0
955,-10.0
956,-1.0
957,30.0
958,28.0
959,1.0
960,0.0
961,-6.0
962,-3.0
963,0.0
964,-10.0
965,7.0
966,-1.0
967,-1.0
968,-6.0
969,-5.0
970,27.0
971,1.0
972,178.0
973,9.0
974,-24.0
975,-1.0
976,-1.0
977,20.0
978,-19.0
979,2.0
980,-8.0
981,-5.0
982,0.0
983,3.0
984,0.0
985,14.0
986,0.0
987,-4.0
988,7.0
989,2.0
990,5.0
991,-3.0
992,16.0
993,0.0
994,52.0
995,0.0
996,-37.0
997,-12.0
998,10.0
999,0.0
1000,26.0
1001,-17.0
1002,0.0
1003,11.0
1004,1.0
1005,-61.0
1006,-62.0
1007,0.0
1008,-4.0
1009,-2.0
1010,0.0
1011,187.0
1012,48.0
1013,-1.0
1014,-1.0
1015,2.0
1016,0.0
1017,-53.0
1018,-2.0
1019,2.0
1020,-1.0
1021,0.0
1022,0.0
1023,-110.0
1024,8.0
1025,0.0
1026,-1.0
1027,-4.0
1028,0.0
1029,0.0
1030,2.0
1031,2.0
1032,300.0
1033,2.0
1034,-7.0
1035,0.0
1036,0.0
1037,-28.0
1038,4.0
1039,-32766.0
1040,4.0
1041,0.0
1042,1.0
1043,1.0
1044,-106.0
1045,-3.0
1046,13.0
1047,203.0
1048,-3.0
1049,-6.0
1050,0.0
1051,-95.0
1052,-5.0
1053,0.0
1054,8.0
1055,-1.0
1056,-17.0
1057,0.0
1058,52.0
1059,-24.0
1060,0.0
1061,-1.0
1062,-5.0
1063,0.0
1064,-31.0
1065,4.0
1066,-5.0
1067,0.0
1068,1.0
1069,-4.0
1070,0.0
1071,8.0
1072,0.0
1073,0.0
1074,-5.0
1075,2.0
1076,-32767.0
1077,-11.0
1078,-13.0
1079,-1.0
1080,-52.0
1081,-21.0
1082,1.0
1083,0.0
1084,10.0
1085,4.0
1086,0.0
1087,0.0
1088,0.0
1089,0.0
1090,7.0
1091,3.0
1092,-2.0
1093,-9.0
1094,-4.0
1095,-9.0
1096,0.0
1097,3.0
1098,15.0
1099,-1.0
1100,-1.0
1101,0.0
1102,0.0
1103,10.0
1104,0.0
1105,-3.0
1106,0.0
1107,-23.0
1108,0.0
1109,0.0
1110,114.0
1111,2.0
1112,-1.0
1113,0.0
1114,4.0
1115,-2.0
1116,-39.0
1117,1.0
1118,0.0
1119,2.0
1120,0.0
1121,-54.0
1122,47.0
1123,-137.0
1124,-1.0
1125,68.0
1126,-1.0
1127,-13.0
1128,-190.0
1129,0.0
1130,-7.0
1131,-17.0
1132,-1.0
1133,-3.0
1134,-16.0
1135,-8.0
1136,63.0
1137,2.0
1138,9.0
1139,1.0
1140,-20.0
1141,1.0
1142,16.0
1143,-7.0
1144,-1.0
1145,8.0
1146,196.0
1147,1.0
1148,0.0
1149,-17.0
1150,-52.0
1151,11.0
1152,4.0
1153,0.0
1154,5.0
1155,22.0
1156,15.0
1157,-1.0
1158,-1.0
1159,2.0
1160,-1.0
1161,27.0
1162,1.0
1163,0.0
1164,32765.0
1165,0.0
1166,7.0
1167,1.0
1168,0.0
1169,0.0
1170,5.0
1171,2.0
1172,0.0
1173,11.0
1174,0.0
1175,61.0
1176,1.0
1177,3.0
1178,-26.0
1179,28.0
1180,3.0
1181,-32767.0
1182,5.0
1183,9.0
1184,0.0
1185,18.0
1186,51.0
1187,0.0
1188,1.0
1189,0.0
1190,2.0
1191,0.0
1192,-7.0
1193,-7.0
1194,15.0
1195,-1.0
1196,29.0
1197,18.0
1198,-6.0
1199,0.0
1200,0.0
1201,1.0
1202,-61.0
1203,-4.0
1204,1.0
1205,1.0
1206,-3.0
1207,-1.0
1208,0.0
1209,13.0
1210,2.0
1211,26.0
1212,0.0
1213,-3.0
1214,-210.0
1215,-37.0
1216,4.0
1217,-3.0
1218,0.0
1219,-8.0
1220,1.0
1221,-4.0
1222,25.0
1223,0.0
1224,-43.0
1225,0.0
1226,153.0
1227,39.0
1228,-20.0
1229,2.0
1230,-2.0
1231,2.0
1232,2.0
1233,12.0
1234,0.0
1235,0.0
1236,5.0
1237,-1.0
1238,-4.0
1239,-1.0
1240,0.0
1241,-4.0
1242,3.0
1243,-14.0
1244,0.0
1245,0.0
1246,1.0
1247,11.0
1248,1.0
1249,16.0
1250,3.0
1251,0.0
1252,3.0
1253,0.0
1254,1.0
1255,58.0
1256,52.0
1257,-3.0
1258,0.0
1259,0.0
1260,-1.0
1261,14.0
1262,-3.0
1263,3.0
1264,1.0
1265,-16.0
1266,1.0
1267,6.0
1268,-161.0
1269,0.0
1270,-7.0
1271,3.0
1272,-4.0
1273,0.0
1274,1.0
1275,-32766.0
1276,1.0
1277,0.0
1278,20.0
1279,8.0
1280,-1.0
1281,2.0
1282,1.0
1283,1.0
1284,23.0
1285,-1.0
1286,-8.0
1287,-1.0
1288,-1.0
1289,-18.0
1290,2.0
1291,10.0
1292,-12.0
1293,-30.0
1294,-105.0
1295,-52.0
1296,-8.0
1297,18.0
1298,3.0
1299,-9.0
1300,2.0
1301,0.0
1302,-3.0
1303,5.0
1304,-45.0
1305,-4.0
1306,0.0
1307,33.0
1308,0.0
1309,-21.0
1310,0.0
1311,-1.0
1312,0.0
1313,-7.0
1314,0.0
1315,26.0
1316,3.0
1317,-1.0
1318,9.0
1319,-8.0
1320,-28.0
1321,-2.0
1322,2.0
1323,-7.0
1324,-1.0
1325,-13.0
1326,-21.0
1327,0.0
1328,-4.0
1329,-65532.0
1330,21.0
1331,0.0
1332,-32760.0
1333,0.0
1334,-52.0
1335,-3.0
1336,38.0
1337,6.0
1338,4.0
1339,-13.0
1340,23.0
1341,0.0
1342,-16.0
1343,0.0
1344,1.0
1345,5.0
1346,47.0
1347,1.0
1348,31.0
1349,27.0
1350,6.0
1351,0.0
1352,0.0
1353,-22.0
1354,0.0
1355,4.0
1356,18.0
1357,-26.0
1358,-1.0
1359,5.0
1360,15.0
1361,-3.0
1362,-1.0
1363,0.0
1364,22.0
1365,-6.0
1366,0.0
1367,-6.0
1368,32.0
1369,10.0
1370,24.0
1371,-1.0
1372,-3.0
1373,32770.0
1374,-25.0
1375,-32762.0
1376,0.0
1377,14.0
1378,-1.0
1379,3.0
1380,1.0
1381,1.0
1382,0.0
1383,4.0
1384,2.0
1385,0.0
1386,0.0
1387,2.0
1388,-41.0
1389,35.0
1390,-13.0
1391,-45.0
1392,1.0
1393,43.0
1394,3.0
1395,-11.0
1396,-1.0
1397,1.0
1398,2.0
1399,1.0
1400,27.0
1401,0.0
1402,1.0
1403,1.0
1404,14.0
1405,3.0
1406,-32761.0
1407,1.0
1408,-90.0
1409,4.0
1410,0.0
1411,10.0
1412,3.0
1413,0.0
1414,2.0
1415,27.0
1416,-89.0
1417,-17.0
1418,0.0
1419,46.0
1420,4.0
1421,-4.0
1422,-3.0
1423,158.0
1424,0.0
1425,0.0
1426,-3.0
1427,0.0
1428,1.0
1429,-2.0
1430,-7.0
1431,0.0
1432,3.0
1433,-7.0
1434,-6.0
1435,-6.0
1436,39.0
1437,-1.0
1438,1.0
1439,1.0
1440,5.0
1441,0.0
1442,0.0
1443,5.0
1444,-7.0
1445,0.0
1446,1.0
1447,0.0
1448,2.0
1449,0.0
1450,-5.0
1451,0.0
1452,7.0
1453,0.0
1454,0.0
1455,-11.0
1456,0.0
1457,-20.0
1458,-1.0
1459,-1.0
1460,-18.0
1461,-16.0
1462,-20.0
1463,-100.0
1464,-5.0
1465,1.0
1466,0.0
1467,15.0
1468,1.0
1469,5.0
1470,0.0
1471,-1.0
1472,8.0
1473,-126.0
1474,2.0
1475,-3.0
1476,0.0
1477,32738.0
1478,-32770.0
1479,-11.0
1480,1.0
1481,8.0
1482,0.0
1483,0.0
1484,-2.0
1485,11.0
1486,2.0
1487,4.0
1488,-1.0
1489,-7.0
1490,2.0
1491,-3.0
1492,3.0
1493,28.0
1494,-75.0
1495,4.0
1496,4.0
1497,-18.0
1498,17.0
1499,0.0
1500,5.0
1501,-1.0
1502,6.0
1503,-139.0
1504,9.0
1505,1.0
1506,-25.0
1507,-191.0
1508,39.0
1509,0.0
1510,32777.0
1511,0.0
1512,6.0
1513,0.0
1514,0.0
1515,-10.0
1516,5.0
1517,-1.0
1518,4.0
1519,35.0
1520,12.0
1521,-75.0
1522,-2.0
1523,0.0
1524,-99.0
1525,14.0
1526,0.0
1527,-32708.0
1528,6.0
1529,1.0
1530,0.0
1531,2.0
1532,1.0
1533,14.0
1534,0.0
1535,-1.0
1536,8.0
1537,0.0
1538,0.0
1539,-3.0
1540,189.0
1541,-2.0
1542,1.0
1543,0.0
1544,2.0
1545,-1.0
1546,25.0
1547,-9.0
1548,-32766.0
1549,-95.0
1550,0.0
1551,-9.0
1552,-26.0
1553,17.0
1554,0.0
1555,7.0
1556,0.0
1557,0.0
1558,1.0
1559,1.0
1560,1.0
1561,4.0
1562,-81.0
1563,-3.0
1564,3.0
1565,2.0
1566,-2.0
1567,-2.0
1568,6.0
1569,8.0
1570,-32769.0
1571,1.0
1572,0.0
1573,-66.0
1574,1.0
1575,-3.0
1576,21.0
1577,-1.0
1578,-43.0
1579,67.0
1580,138.0
1581,-1.0
1582,-7.0
1583,-1.0
1584,0.0
1585,-6.0
1586,42.0
1587,-11.0
1588,0.0
1589,5.0
1590,1.0
1591,0.0
1592,0.0
1593,130.0
1594,-3.0
1595,-2.0
1596,0.0
1597,0.0
1598,-1.0
1599,-2.0
1600,1.0
1601,3.0
1602,-1.0
1603,0.0
1604,0.0
1605,0.0
1606,1.0
1607,1.0
1608,0.0
1609,-2.0
1610,-1.0
1611,2.0
1612,-1.0
1613,-1.0
1614,4.0
1615,1.0
1616,-1.0
1617,-3.0
1618,7.0
1619,0.0
1620,17.0
1621,-4.0
1622,-2.0
1623,3.0
1624,1.0
1625,0.0
1626,-1.0
1627,32774.0
1628,1.0
1629,7.0
1630,-10.0
1631,1.0
1632,3.0
1633,-36.0
1634,12.0
1635,0.0
1636,-14.0
1637,-33.0
1638,0.0
1639,1.0
1640,-2.0
1641,-11.0
1642,3.0
1643,-3.0
1644,-2.0
1645,-10.0
1646,-3.0
1647,-5.0
1648,1.0
1649,8.0
1650,-1.0
1651,-21.0
1652,-5.0
1653,-28.0
1654,0.0
1655,0.0
1656,-11.0
1657,-7.0
1658,-2.0
1659,1.0
1660,-36.0
1661,1.0
1662,4.0
1663,1.0
1664,-2.0
1665,3.0
1666,7.0
1667,3.0
1668,-20.0
1669,0.0
1670,1.0
1671,0.0
1672,0.0
1673,-7.0
1674,-1.0
1675,29.0
1676,-32731.0
1677,-32766.0
1678,-13.0
1679,-18.0
1680,-3.0
1681,-8.0
1682,5.0
1683,4.0
1684,17.0
1685,1.0
1686,-15.0
1687,-7.0
1688,-1.0
1689,8.0
1690,0.0
1691,8.0
1692,-2.0
1693,-1.0
1694,0.0
1695,129.0
1696,-16.0
1697,-5.0
1698,-8.0
1699,3.0
1700,53.0
1701,67.0
1702,-1.0
1703,4.0
1704,-16.0
1705,6.0
1706,-28.0
1707,0.0
1708,9.0
1709,0.0
1710,0.0
1711,8.0
1712,43.0
1713,-10.0
1714,-2.0
1715,42.0
1716,-48.0
1717,0.0
1718,-4.0
1719,1.0
1720,0.0
1721,4.0
1722,1.0
1723,6.0
1724,0.0
1725,-23.0
1726,-1.0
1727,1.0
1728,11.0
1729,7.0
1730,0.0
1731,-16.0
1732,2.0
1733,18.0
1734,5.0
1735,12.0
1736,-46.0
1737,-1.0
1738,33.0
1739,1.0
1740,-6.0
1741,-1.0
1742,0.0
1743,11.0
1744,2.0
1745,-39.0
1746,23.0
1747,-26.0
1748,16.0
1749,94.0
1750,8.0
1751,-3.0
1752,0.0
1753,-1.0
1754,10.0
1755,0.0
1756,-1.0
1757,0.0
1758,-3.0
1759,0.0
1760,-25.0
1761,0.0
1762,-17.0
1763,0.0
1764,0.0
1765,0.0
1766,0.0
1767,-5.0
1768,-9.0
1769,-1.0
1770,0.0
1771,-17.0
1772,0.0
1773,5.0
1774,0.0
1775,0.0
1776,2.0
1777,-1.0
1778,0.0
1779,-11.0
1780,-4.0
1781,0.0
1782,1.0
1783,-17.0
1784,20.0
1785,2.0
1786,1.0
1787,-15.0
1788,0.0
1789,0.0
1790,0.0
1791,11.0
1792,-10.0
1793,-18.0
1794,0.0
1795,-3.0
1796,15.0
1797,-1.0
1798,-9.0
1799,-3.0
1800,27.0
1801,3.0
1802,0.0
1803,-9.0
1804,7.0
1805,-12.0
1806,-11.0
1807,17.0
1808,7.0
1809,-59.0
1810,5.0
1811,-4.0
1812,0.0
1813,1.0
1814,4.0
1815,-15.0
1816,0.0
1817,4.0
1818,15.0
1819,0.0
1820,-2.0
1821,6.0
1822,0.0
1823,-1.0
1824,-2.0
1825,54.0
1826,2.0
1827,2.0
1828,77.0
1829,2.0
1830,5.0
1831,-9.0
1832,0.0
1833,0.0
1834,-31.0
1835,4.0
1836,0.0
1837,6.0
1838,1.0
1839,-1.0
1840,-1.0
1841,2.0
1842,-2.0
1843,-70.0
1844,9.0
1845,0.0
1846,-11.0
1847,5.0
1848,8.0
1849,40.0
1850,0.0
1851,1.0
1852,0.0
1853,3.0
1854,-1.0
1855,-24.0
1856,-5.0
1857,1.0
1858,-33.0
1859,0.0
1860,-1.0
1861,0.0
1862,-1.0
1863,1.0
1864,-1.0
1865,7.0
1866,10.0
1867,0.0
1868,-4.0
1869,0.0
1870,4.0
1871,2.0
1872,-6.0
1873,3.0
1874,-10.0
1875,-14.0
1876,-3.0
1877,-1.0
1878,-1.0
1879,1.0
1880,0.0
1881,0.0
1882,0.0
1883,-1.0
1884,1.0
1885,-33.0
1886,0.0
1887,1.0
1888,0.0
1889,0.0
1890,3.0
1891,0.0
1892,-3.0
1893,0.0
1894,9.0
1895,3.0
1896,12.0
1897,-2.0
1898,-1.0
1899,0.0
1900,0.0
1901,3.0
1902,32773.0
1903,-30.0
1904,0.0
1905,-22.0
1906,-2.0
1907,9.0
1908,0.0
1909,-11.0
1910,5.0
1911,0.0
1912,0.0
1913,22.0
1914,-16.0
1915,-32729.0
1916,-1.0
1917,-2.0
1918,0.0
1919,0.0
1920,-2.0
1921,0.0
1922,1.0
1923,4.0
1924,-2.0
1925,0.0
1926,45.0
1927,1.0
1928,-42.0
1929,-61.0
1930,0.0
1931,4.0
1932,-2.0
1933,0.0
1934,-1.0
1935,0.0
1936,-2.0
1937,10.0
1938,0.0
1939,-10.0
1940,4.0
1941,65.0
1942,0.0
1943,-2.0
1944,0.0
1945,-3.0
1946,-1.0
1947,0.0
1948,0.0
1949,74.0
1950,4.0
1951,13.0
1952,1.0
1953,0.0
1954,1.0
1955,-4.0
1956,0.0
1957,-6.0
1958,-1.0
1959,4.0
1960,2.0
1961,20.0
1962,3.0
1963,-11.0
1964,76.0
1965,-42.0
1966,-21.0
1967,19.0
1968,-2.0
1969,46.0
1970,3.0
1971,1.0
1972,-3.0
1973,-5.0
1974,1.0
1975,-1.0
1976,179.0
1977,2.0
1978,-14.0
1979,-5.0
1980,21.0
1981,-14.0
1982,0.0
1983,-10.0
1984,-21.0
1985,61.0
1986,1.0
1987,2.0
1988,0.0
1989,-6.0
1990,0.0
1991,6.0
1992,-4.0
1993,35.0
1994,-33.0
1995,14.0
1996,-3.0
1997,-25.0
1998,-1.0
1999,1.0
2000,-3.0
2001,35.0
2002,-34.0
2003,-4.0
2004,0.0
2005,-3.0
2006,-96.0
2007,1.0
2008,-1.0
2009,-3.0
2010,-3.0
2011,-1.0
2012,1.0
2013,9.0
2014,-4.0
2015,-9.0
2016,0.0
2017,0.0
2018,-13.0
2019,-32704.0
2020,3.0
2021,-1.0
2022,-117.0
2023,0.0
2024,-2.0
2025,-1.0
2026,13.0
2027,1.0
2028,0.0
2029,0.0
2030,18.0
2031,0.0
2032,0.0
2033,-9.0
2034,1.0
2035,3.0
2036,0.0
2037,0.0
2038,-1.0
2039,0.0
2040,7.0
2041,-7.0
2042,-1.0
2043,-141.0
2044,-4.0
2045,-1.0
2046,-1.0
2047,34.0
2048,-28.0
2049,1.0
2050,2.0
2051,3.0
2052,0.0
2053,66.0
2054,0.0
2055,1.0
2056,1.0
2057,0.0
2058,0.0
2059,1.0
2060,-4.0
2061,49.0
2062,4.0
2063,-115.0
2064,-3.0
2065,-3.0
2066,1.0
2067,0.0
2068,9.0
2069,-15.0
2070,4.0
2071,-19.0
2072,-22.0
2073,15.0
2074,-8.0
2075,-23.0
2076,29.0
2077,-4.0
2078,-3.0
2079,0.0
2080,0.0
2081,-77.0
2082,1.0
2083,1.0
2084,0.0
2085,0.0
2086,-4.0
2087,-32733.0
2088,0.0
2089,0.0
2090,-32740.0
2091,0.0
2092,-17.0
2093,71.0
2094,-1.0
2095,-2.0
2096,-2.0
2097,-3.0
2098,45.0
2099,0.0
2100,3.0
2101,5.0
2102,-5.0
2103,1.0
2104,0.0
2105,0.0
2106,-11.0
2107,-20.0
2108,-7.0
2109,17.0
2110,-9.0
2111,1.0
2112,0.0
2113,-1.0
2114,-1.0
2115,-45.0
2116,25.0
2117,13.0
2118,-1.0
2119,4.0
2120,1.0
2121,-19.0
2122,20.0
2123,1.0
2124,0.0
2125,-2.0
2126,3.0
2127,-3.0
2128,3.0
2129,3.0
2130,2.0
2131,-1.0
2132,-5.0
2133,-32766.0
2134,-5.0
2135,-43.0
2136,3.0
2137,-4.0
2138,0.0
2139,9.0
2140,-45.0
2141,37.0
2142,3.0
2143,-1.0
2144,16.0
2145,-8.0
2146,0.0
2147,-33.0
2148,32766.0
2149,36.0
2150,-9.0
2151,-8.0
2152,0.0
2153,-3.0
2154,0.0
2155,0.0
2156,1.0
2157,3.0
2158,-10.0
2159,-17.0
2160,-1.0
2161,2.0
2162,4.0
2163,-5.0
2164,0.0
2165,-1.0
2166,-22.0
2167,13.0
2168,-7.0
2169,3.0
2170,0.0
2171,-3.0
2172,-23.0
2173,-38.0
2174,-2.0
2175,1.0
2176,3.0
2177,12.0
2178,-9.0
2179,1.0
2180,-11.0
2181,0.0
2182,0.0
2183,5.0
2184,6.0
2185,-32766.0
2186,-5.0
2187,3.0
2188,-4.0
2189,-1.0
2190,23.0
2191,3.0
2192,1.0
2193,5.0
2194,-216.0
2195,-2.0
2196,-32767.0
2197,-32.0
2198,27.0
2199,4.0
2200,-9.0
2201,0.0
2202,1.0
2203,50.0
2204,-5.0
2205,-5.0
2206,-2.0
2207,4.0
2208,1.0
2209,-18.0
2210,1.0
2211,-19.0
2212,-3.0
2213,-1.0
2214,0.0
2215,0.0
2216,79.0
2217,-24.0
2218,0.0
2219,32766.0
2220,-3.0
2221,1.0
2222,-68.0
2223,31.0
2224,31.0
2225,14.0
2226,13.0
2227,24.0
2228,0.0
2229,1.0
2230,2.0
2231,23.0
2232,35.0
2233,0.0
2234,3.0
2235,-4.0
2236,-10.0
2237,13.0
2238,0.0
2239,-2.0
2240,5.0
2241,-5.0
2242,-1.0
2243,0.0
2244,21.0
2245,0.0
2246,0.0
2247,-6.0
2248,-29.0
2249,-59.0
2250,-1.0
2251,-1.0
2252,-14.0
2253,3.0
2254,-23.0
2255,0.0
2256,0.0
2257,2.0
2258,-2.0
2259,0.0
2260,24.0
2261,-1.0
2262,-1.0
2263,19.0
2264,3.0
2265,0.0
2266,0.0
2267,0.0
2268,51.0
2269,5.0
2270,1.0
2271,8.0
2272,0.0
2273,-7.0
2274,2.0
2275,26.0
2276,4.0
2277,-1.0
2278,-5.0
2279,3.0
2280,10.0
2281,0.0
2282,6.0
2283,1.0
2284,0.0
2285,0.0
2286,1.0
2287,0.0
2288,0.0
2289,2.0
2290,6.0
2291,11.0
2292,-22.0
2293,4.0
2294,8.0
2295,2.0
2296,-8.0
2297,1.0
2298,-6.0
2299,1.0
2300,0.0
2301,1.0
2302,2.0
2303,4.0
2304,-2.0
2305,-19.0
2306,0.0
2307,12.0
2308,-8.0
2309,0.0
2310,13.0
2311,0.0
2312,7.0
2313,0.0
2314,0.0
2315,-2.0
2316,-16.0
2317,3.0
2318,0.0
2319,-8.0
2320,-2.0
2321,0.0
2322,-247.0
2323,-13.0
2324,-1.0
2325,2.0
2326,0.0
2327,-22.0
2328,0.0
2329,0.0
2330,4.0
2331,5.0
2332,-6.0
2333,1.0
2334,9.0
2335,-9.0
2336,0.0
2337,10.0
2338,-3.0
2339,0.0
2340,14.0
2341,-2.0
2342,12.0
2343,34.0
2344,-7.0
2345,-14.0
2346,-4.0
2347,-9.0
2348,-2.0
2349,8.0
2350,-16.0
2351,-12.0
2352,2.0
2353,0.0
2354,0.0
2355,-2.0
2356,46.0
2357,0.0
2358,-51.0
2359,0.0
2360,1.0
2361,5.0
2362,0.0
2363,-1.0
2364,-2.0
2365,0.0
2366,1.0
2367,9.0
2368,9.0
2369,0.0
2370,3.0
2371,2.0
2372,0.0
2373,0.0
2374,-12.0
2375,47.0
2376,207.0
2377,-1.0
2378,0.0
2379,0.0
2380,-1.0
2381,2.0
2382,4.0
2383,0.0
2384,-18.0
2385,0.0
2386,0.0
2387,-1.0
2388,-2.0
2389,17.0
2390,28.0
2391,-4.0
2392,2.0
2393,0.0
2394,293.0
2395,14.0
2396,1.0
2397,0.0
2398,-1.0
2399,0.0
2400,1.0
2401,1.0
2402,-11.0
2403,1.0
2404,18.0
2405,-3.0
2406,-2.0
2407,11.0
2408,-3.0
2409,1.0
2410,12.0
2411,5.0
2412,32707.0
2413,-2.0
2414,-10.0
2415,0.0
2416,-6.0
2417,-2.0
2418,18.0
2419,1.0
2420,-2.0
2421,0.0
2422,-17.0
2423,30.0
2424,0.0
2425,-2.0
2426,2.0
2427,0.0
2428,0.0
2429,-93.0
2430,8.0
2431,-32766.0
2432,-28.0
2433,7.0
2434,-11.0
2435,8.0
2436,5.0
2437,0.0
2438,-1.0
2439,0.0
2440,-1.0
2441,-31.0
2442,51.0
2443,-19.0
2444,-9.0
2445,-32.0
2446,-3.0
2447,0.0
2448,-3.0
2449,1.0
2450,7.0
2451,-23.0
2452,-1.0
2453,-10.0
2454,-4.0
2455,-3.0
2456,-64.0
2457,4.0
2458,-4.0
2459,0.0
2460,0.0
2461,-8.0
2462,-2.0
2463,2.0
2464,0.0
2465,-5.0
2466,1.0
2467,-21.0
2468,-6.0
2469,9.0
2470,0.0
2471,-32739.0
2472,-116.0
2473,-1.0
2474,-6.0
2475,2.0
2476,3.0
2477,-2.0
2478,4.0
2479,1.0
2480,36.0
2481,32.0
2482,0.0
2483,-10.0
2484,-1.0
2485,-63.0
2486,-2.0
2487,-7.0
2488,-16.0
2489,0.0
2490,2.0
2491,1.0
2492,-9.0
2493,4.0
2494,15.0
2495,-2.0
2496,-1.0
2497,0.0
2498,5.0
2499,1.0
2500,9.0
2501,34.0
2502,-5.0
2503,1.0
2504,0.0
2505,0.0
2506,15.0
2507,-6.0
2508,2.0
2509,-2.0
2510,5.0
2511,-8.0
2512,-63.0
2513,6.0
2514,-2.0
2515,0.0
2516,-1.0
2517,74.0
2518,0.0
2519,-4.0
2520,-2.0
2521,50.0
2522,1.0
2523,-24.0
2524,-3.0
2525,0.0
2526,-41.0
2527,-2.0
2528,2.0
2529,0.0
2530,-85.0
2531,-4.0
2532,-1.0
2533,1.0
2534,0.0
2535,-22.0
2536,-1.0
2537,3.0
2538,1.0
2539,-24.0
2540,0.0
2541,9.0
2542,-38.0
2543,4.0
2544,-3.0
2545,-2.0
2546,1.0
2547,21.0
2548,23.0
2549,46.0
2550,-32.0
2551,0.0
2552,-34.0
2553,-6.0
2554,0.0
2555,-36.0
2556,24.0
2557,23.0
2558,-6.0
2559,-10.0
2560,-3.0
2561,1.0
2562,3.0
2563,16.0
2564,0.0
2565,-42.0
2566,-1.0
2567,-26.0
2568,32826.0
2569,0.0
2570,5.0
2571,7.0
2572,0.0
2573,-10.0
2574,8.0
2575,11.0
2576,30.0
2577,-13.0
2578,-4.0
2579,32.0
2580,-1.0
2581,0.0
2582,17.0
2583,32766.0
2584,5.0
2585,-20.0
2586,12.0
2587,32764.0
2588,0.0
2589,-14.0
2590,-1.0
2591,1.0
2592,0.0
2593,3.0
2594,-32763.0
2595,0.0
2596,30.0
2597,5.0
2598,3.0
2599,3.0
2600,0.0
2601,5.0
2602,0.0
2603,0.0
2604,0.0
2605,7.0
2606,0.0
2607,27.0
2608,4.0
2609,1.0
2610,5.0
2611,-18.0
2612,9.0
2613,-3.0
2614,-17.0
2615,-8.0
2616,-5.0
2617,1.0
2618,13.0
2619,-12.0
2620,-1.0
2621,4.0
2622,2.0
2623,0.0
2624,-10.0
2625,1.0
2626,27.0
2627,4.0
2628,7.0
2629,0.0
2630,-13.0
2631,10.0
2632,0.0
2633,12.0
2634,-3.0
2635,-5.0
2636,32736.0
2637,380.0
2638,-15.0
2639,-1.0
2640,-7.0
2641,15.0
2642,5.0
2643,-26.0
2644,0.0
2645,11.0
2646,41.0
2647,-4.0
2648,-1.0
2649,2.0
2650,12.0
2651,-1.0
2652,1.0
2653,-23.0
2654,-1.0
2655,8.0
2656,1.0
2657,1.0
2658,55.0
2659,-1.0
2660,1.0
2661,0.0
2662,1.0
2663,5.0
2664,-45.0
2665,-1.0
2666,5.0
2667,-13.0
2668,0.0
2669,19.0
2670,-14.0
2671,-55.0
2672,2.0
2673,2.0
2674,1.0
2675,-42.0
2676,-151.0
2677,1.0
2678,1.0
2679,0.0
2680,13.0
2681,1.0
2682,15.0
2683,1.0
2684,-100.0
2685,-224.0
2686,-2.0
2687,-22.0
2688,-5.0
2689,3.0
2690,199.0
2691,-4.0
2692,78.0
2693,1.0
2694,-3.0
2695,-1.0
2696,-1.0
2697,-32766.0
2698,10.0
2699,-4.0
2700,3.0
2701,-1.0
2702,-6.0
2703,-1.0
2704,-22.0
2705,-28.0
2706,4.0
2707,0.0
2708,1.0
2709,47.0
2710,26.0
2711,27.0
2712,-1.0
2713,3.0
2714,4.0
2715,4.0
2716,0.0
2717,10.0
2718,-73.0
2719,-7.0
2720,16.0
2721,-39.0
2722,-1.0
2723,-1.0
2724,-16.0
2725,-3.0
2726,1.0
2727,39.0
2728,-24.0
2729,-1.0
2730,3.0
2731,-32745.0
2732,-1.0
2733,0.0
2734,19.0
2735,0.0
2736,1.0
2737,-2.0
2738,-2.0
2739,-10.0
2740,15.0
2741,0.0
2742,18.0
2743,-20.0
2744,-8.0
2745,-20.0
2746,0.0
2747,-7.0
2748,-3.0
2749,20.0
2750,0.0
2751,0.0
2752,-91.0
2753,-10.0
2754,1.0
2755,4.0
2756,-1.0
2757,-2.0
2758,10.0
2759,1.0
2760,-2.0
2761,1.0
2762,55.0
2763,0.0
2764,-11.0
2765,13.0
2766,2.0
2767,-35.0
2768,-6.0
2769,-1.0
2770,-29.0
2771,-56.0
2772,3.0
2773,7.0
2774,35.0
2775,-15.0
2776,-63.0
2777,-4.0
2778,0.0
2779,4.0
2780,0.0
2781,1.0
2782,-3.0
2783,13.0
2784,0.0
2785,6.0
2786,1.0
2787,4.0
2788,-2.0
2789,-1.0
2790,-38.0
2791,0.0
2792,19.0
2793,0.0
2794,1.0
2795,0.0
2796,16.0
2797,1.0
2798,2.0
2799,-19.0
2800,0.0
2801,-13.0
2802,21.0
2803,-4.0
2804,0.0
2805,-2.0
2806,5.0
2807,65.0
2808,-3.0
2809,-11.0
2810,-2.0
2811,11.0
2812,-1.0
2813,11.0
2814,0.0
2815,1.0
2816,0.0
2817,-11.0
2818,2.0
2819,-4.0
2820,-31.0
2821,3.0
2822,12.0
2823,-5.0
2824,0.0
2825,0.0
2826,14.0
2827,-26.0
2828,-15.0
2829,32766.0
2830,-27.0
2831,15.0
2832,25.0
2833,58.0
2834,173.0
2835,4.0
2836,0.0
2837,-3.0
2838,-2.0
2839,-5.0
2840,-21.0
2841,0.0
2842,1.0
2843,13.0
2844,0.0
2845,5.0
2846,-2.0
2847,-14.0
2848,0.0
2849,26.0
2850,-6.0
2851,0.0
2852,-14.0
2853,-8.0
2854,-40.0
2855,0.0
2856,-1.0
2857,-6.0
2858,2.0
2859,0.0
2860,-26.0
2861,1.0
2862,-3.0
2863,11.0
2864,0.0
2865,-32755.0
2866,4.0
2867,1.0
2868,-18.0
2869,-3.0
2870,-6.0
2871,0.0
2872,-1.0
2873,-56.0
2874,0.0
2875,1.0
2876,-35.0
2877,2.0
2878,4.0
2879,0.0
2880,-2.0
2881,-4.0
2882,-13.0
2883,-50.0
2884,-1.0
2885,-8.0
2886,1.0
2887,-1.0
2888,-33.0
2889,4.0
2890,2.0
2891,-11.0
2892,-13.0
2893,-19.0
2894,0.0
2895,22.0
2896,-1.0
2897,0.0
2898,-3.0
2899,1.0
2900,-32739.0
2901,-19.0
2902,26.0
2903,-15.0
2904,-14.0
2905,0.0
2906,-1.0
2907,-9.0
2908,-3.0
2909,0.0
2910,-6.0
2911,-16.0
2912,0.0
2913,-10.0
2914,9.0
2915,5.0
2916,3.0
2917,0.0
2918,0.0
2919,0.0
2920,13.0
2921,5.0
2922,0.0
2923,9.0
2924,4.0
2925,35.0
2926,-17.0
2927,0.0
2928,8.0
2929,18.0
2930,26.0
2931,-5.0
2932,0.0
2933,-4.0
2934,-6.0
2935,0.0
2936,-14.0
2937,-3.0
2938,1.0
2939,1.0
2940,0.0
2941,5.0
2942,0.0
2943,-163.0
2944,0.0
2945,0.0
2946,-30.0
2947,-28.0
2948,18.0
2949,5.0
2950,-11.0
2951,1.0
2952,8.0
2953,0.0
2954,117.0
2955,3.0
2956,0.0
2957,-2.0
2958,3.0
2959,-1.0
2960,0.0
2961,-15.0
2962,0.0
2963,8.0
2964,-1.0
2965,10.0
2966,0.0
2967,-2.0
2968,8.0
2969,-32759.0
2970,-3.0
2971,0.0
2972,-17.0
2973,0.0
2974,0.0
2975,12.0
2976,-9.0
2977,-32766.0
2978,-2.0
2979,107.0
2980,-1.0
2981,0.0
2982,3.0
2983,-9.0
2984,0.0
2985,-20.0
2986,2.0
2987,-70.0
2988,42.0
2989,0.0
2990,-1.0
2991,0.0
2992,59.0
2993,1.0
2994,-1.0
2995,-13.0
2996,-24.0
2997,12.0
2998,0.0
2999,-22.0
3000,0.0
3001,0.0
3002,0.0
3003,0.0
3004,-21.0
3005,-5.0
3006,8.0
3007,-1.0
3008,0.0
3009,3.0
3010,-2.0
3011,-1.0
3012,5.0
3013,-24.0
3014,1.0
3015,-12.0
3016,-6.0
3017,39.0
3018,-2.0
3019,-5.0
3020,2.0
3021,0.0
3022,-38.0
3023,0.0
3024,0.0
3025,-2.0
3026,-13.0
3027,-28.0
3028,0.0
3029,-128.0
3030,-9.0
3031,0.0
3032,-37.0
3033,0.0
3034,1.0
3035,-49.0
3036,0.0
3037,0.0
3038,-186.0
3039,0.0
3040,-8.0
3041,0.0
3042,-1.0
3043,0.0
3044,-36.0
3045,0.0
3046,-5.0
3047,-3.0
3048,5.0
3049,0.0
3050,7.0
3051,0.0
3052,0.0
3053,5.0
3054,2.0
3055,0.0
3056,-3.0
3057,0.0
3058,1.0
3059,0.0
3060,-43.0
3061,12.0
3062,1.0
3063,0.0
3064,0.0
3065,1.0
3066,3.0
3067,0.0
3068,-1.0
3069,-2.0
3070,5.0
3071,0.0
3072,-17.0
3073,4.0
3074,-3.0
3075,-15.0
3076,0.0
3077,3.0
3078,-1.0
3079,-2.0
3080,-1.0
3081,12.0
3082,9.0
3083,0.0
3084,19.0
3085,0.0
3086,1.0
3087,3.0
3088,0.0
3089,-13.0
3090,0.0
3091,-4.0
3092,-5.0
3093,10.0
3094,-2.0
3095,-11.0
3096,-12.0
3097,113.0
3098,-3.0
3099,11.0
3100,5.0
3101,20.0
3102,-7.0
3103,3.0
3104,0.0
3105,10.0
3106,0.0
3107,-2.0
3108,-19.0
3109,-11.0
3110,-1.0
3111,27.0
3112,11.0
3113,-12.0
3114,0.0
3115,-2.0
3116,27.0
3117,2.0
3118,1.0
3119,-1.0
3120,1.0
3121,6.0
3122,0.0
3123,0.0
3124,3.0
3125,2.0
3126,6.0
3127,0.0
3128,-3.0
3129,-10.0
3130,-18.0
3131,-78.0
3132,3.0
3133,1.0
3134,0.0
3135,0.0
3136,-1.0
3137,36.0
3138,13.0
3139,-5.0
3140,1.0
3141,16.0
3142,-6.0
3143,11.0
3144,12.0
3145,56.0
3146,-39.0
3147,2.0
3148,2.0
3149,1.0
3150,0.0
3151,19.0
3152,-26.0
3153,1.0
3154,9.0
3155,0.0
3156,5.0
3157,0.0
3158,4.0
3159,-2.0
3160,6.0
3161,0.0
3162,1.0
3163,-7.0
3164,-20.0
3165,-3.0
3166,-7.0
3167,0.0
3168,-14.0
3169,-3.0
3170,4.0
3171,-3.0
3172,0.0
3173,0.0
3174,1.0
3175,114.0
3176,0.0
3177,0.0
3178,-10.0
3179,8.0
3180,-12.0
3181,0.0
3182,0.0
3183,8.0
3184,1.0
3185,0.0
3186,0.0
3187,0.0
3188,9.0
3189,83.0
3190,1.0
3191,-11.0
3192,-12.0
3193,-17.0
3194,1.0
3195,1.0
3196,10.0
3197,-3.0
3198,0.0
3199,-7.0
3200,1.0
3201,0.0
3202,-1.0
3203,-14.0
3204,6.0
3205,-34.0
3206,0.0
3207,0.0
3208,0.0
3209,1.0
3210,-3.0
3211,2.0
3212,-4.0
3213,-3.0
3214,-1.0
3215,-28.0
3216,9.0
3217,0.0
3218,1.0
3219,-18.0
3220,-1.0
3221,0.0
3222,-24.0
3223,25.0
3224,2.0
3225,1.0
3226,11.0
3227,0.0
3228,0.0
3229,-77.0
3230,-23.0
3231,24.0
3232,22.0
3233,11.0
3234,0.0
3235,-2.0
3236,15.0
3237,-4.0
3238,0.0
3239,-2.0
3240,0.0
3241,36.0
3242,12.0
3243,0.0
3244,0.0
3245,-2.0
3246,10.0
3247,0.0
3248,-32.0
3249,1.0
3250,-8.0
3251,0.0
3252,-55.0
3253,4.0
3254,-1.0
3255,74.0
3256,0.0
3257,3.0
3258,-1.0
3259,25.0
3260,0.0
3261,-3.0
3262,-15.0
3263,4.0
3264,0.0
3265,1.0
3266,1.0
3267,-1.0
3268,-8.0
3269,-16.0
3270,-5.0
3271,0.0
3272,0.0
3273,-32.0
3274,-23.0
3275,-23.0
3276,7.0
3277,-120.0
3278,3.0
3279,31.0
3280,-2.0
3281,-57.0
3282,37.0
3283,5.0
3284,-1.0
3285,-24.0
3286,48.0
3287,18.0
3288,-4.0
3289,0.0
3290,-4.0
3291,-2.0
3292,15.0
3293,8.0
3294,27.0
3295,98.0
3296,0.0
3297,3.0
3298,3.0
3299,42.0
3300,-43.0
3301,-15.0
3302,10.0
3303,2.0
3304,0.0
3305,1.0
3306,-25.0
3307,-23.0
3308,-1.0
3309,3.0
3310,8.0
3311,-7.0
3312,-5.0
3313,-6.0
3314,-2.0
3315,-9.0
3316,-1.0
3317,0.0
3318,0.0
3319,-20.0
3320,8.0
3321,-32765.0
3322,0.0
3323,5.0
3324,-32.0
3325,1.0
3326,0.0
3327,-1.0
3328,0.0
3329,0.0
3330,-1.0
3331,0.0
3332,20.0
3333,0.0
3334,0.0
3335,7.0
3336,1.0
3337,0.0
3338,0.0
3339,-1.0
3340,0.0
3341,3.0
3342,6.0
3343,-82.0
3344,-2.0
3345,9.0
3346,0.0
3347,-29.0
3348,135.0
3349,-28.0
3350,10.0
3351,-1.0
3352,2.0
3353,-5.0
3354,-46.0
3355,0.0
3356,23.0
3357,-13.0
3358,0.0
3359,0.0
3360,-8.0
3361,-1.0
3362,-6.0
3363,13.0
3364,-38.0
3365,82.0
3366,-1.0
3367,0.0
3368,-1.0
3369,-2.0
3370,1.0
3371,-3.0
3372,5.0
3373,1.0
3374,-104.0
3375,190.0
3376,1.0
3377,-14.0
3378,4.0
3379,-3.0
3380,25.0
3381,7.0
3382,2.0
3383,-2.0
3384,1.0
3385,0.0
3386,-3.0
3387,11.0
3388,-94.0
3389,-9.0
3390,8.0
3391,0.0
3392,0.0
3393,-1.0
3394,1.0
3395,-19.0
3396,7.0
3397,0.0
3398,1.0
3399,-1.0
3400,-7.0
3401,4.0
3402,-1.0
3403,-5.0
3404,-6.0
3405,17.0
3406,0.0
3407,0.0
3408,1.0
3409,-7.0
3410,-55.0
3411,20.0
3412,-8.0
3413,0.0
3414,-32766.0
3415,-89.0
3416,0.0
3417,0.0
3418,29.0
3419,1.0
3420,0.0
3421,0.0
3422,-9.0
3423,1.0
3424,14.0
3425,2.0
3426,1.0
3427,0.0
3428,55.0
3429,12.0
3430,1.0
3431,-1.0
3432,3.0
3433,18.0
3434,-2.0
3435,-5.0
3436,7.0
3437,87.0
3438,0.0
3439,2.0
3440,10.0
3441,-32801.0
3442,-4.0
3443,146.0
3444,4.0
3445,-25.0
3446,0.0
3447,-2.0
3448,-3.0
3449,-4.0
3450,2.0
3451,-1.0
3452,-1.0
3453,0.0
3454,-12.0
3455,-1.0
3456,-10.0
3457,1.0
3458,-2.0
3459,-2.0
3460,3.0
3461,15.0
3462,-7.0
3463,-7.0
3464,43.0
3465,-36.0
3466,-1.0
3467,-3.0
3468,-3.0
3469,1.0
3470,1.0
3471,-1.0
3472,-11.0
3473,0.0
3474,1.0
3475,-3.0
3476,28.0
3477,20.0
3478,2.0
3479,32746.0
3480,-13.0
3481,0.0
3482,-1.0
3483,36.0
3484,3.0
3485,4.0
3486,-32575.0
3487,32744.0
3488,-2.0
3489,7.0
3490,1.0
3491,16.0
3492,9.0
3493,15.0
3494,0.0
3495,0.0
3496,2.0
3497,-3.0
3498,0.0
3499,-39.0
3500,-2.0
3501,-4.0
3502,-2.0
3503,0.0
3504,-27.0
3505,0.0
3506,-3.0
3507,1.0
3508,-3.0
3509,-29.0
3510,1.0
3511,-1.0
3512,-8.0
3513,7.0
3514,2.0
3515,-3.0
3516,0.0
3517,0.0
3518,0.0
3519,-40.0
3520,-9.0
3521,0.0
3522,3.0
3523,18.0
3524,-4.0
3525,46.0
3526,-21.0
3527,8.0
3528,1.0
3529,6.0
3530,10.0
3531,-17.0
3532,0.0
3533,2.0
3534,-6.0
3535,-4.0
3536,0.0
3537,1.0
3538,-32766.0
3539,0.0
3540,-8.0
3541,-2.0
3542,71.0
3543,1.0
3544,8.0
3545,1.0
3546,-1.0
3547,0.0
3548,-6.0
3549,-1.0
3550,-26.0
3551,51.0
3552,2.0
3553,7.0
3554,-7.0
3555,6.0
3556,5.0
3557,-16.0
3558,-7.0
3559,0.0
3560,64.0
3561,0.0
3562,-32688.0
3563,5.0
3564,0.0
3565,-38.0
3566,1.0
3567,-4.0
3568,0.0
3569,-6.0
3570,0.0
3571,29.0
3572,0.0
3573,0.0
3574,-1.0
3575,-7.0
3576,7.0
3577,11.0
3578,13.0
3579,-19.0
3580,-5.0
3581,1.0
3582,28.0
3583,0.0
3584,0.0
3585,0.0
3586,-4.0
3587,2.0
3588,-20.0
3589,8.0
3590,0.0
3591,0.0
3592,3.0
3593,0.0
3594,-1.0
3595,0.0
3596,24.0
3597,-3.0
3598,33.0
3599,-4.0
3600,-74.0
3601,3.0
3602,1.0
3603,-3.0
3604,18.0
3605,0.0
3606,-7.0
3607,2.0
3608,13.0
3609,-8.0
3610,-1.0
3611,-3.0
3612,1.0
3613,-2.0
3614,-195.0
3615,-31.0
3616,0.0
3617,-1.0
3618,-87.0
3619,0.0
3620,64.0
3621,144.0
3622,-45.0
3623,26.0
3624,-5.0
3625,-31.0
3626,-18.0
3627,2.0
3628,0.0
3629,-8.0
3630,0.0
3631,0.0
3632,43.0
3633,10.0
3634,-25.0
3635,2.0
3636,-20.0
3637,0.0
3638,2.0
3639,0.0
3640,-2.0
3641,3.0
3642,-8.0
3643,0.0
3644,-3.0
3645,-1.0
3646,-2.0
3647,-4.0
3648,20.0
3649,5.0
3650,-2.0
3651,-2.0
3652,-35.0
3653,-1.0
3654,-13.0
3655,0.0
3656,10.0
3657,-5.0
3658,-11.0
3659,4.0
3660,-48.0
3661,-1.0
3662,2.0
3663,8.0
3664,6.0
3665,-3.0
3666,6.0
3667,-14.0
3668,2.0
3669,-2.0
3670,8.0
3671,0.0
3672,4.0
3673,10.0
3674,15.0
3675,0.0
3676,36.0
3677,14.0
3678,5.0
3679,-14.0
3680,0.0
3681,2.0
3682,0.0
3683,-11.0
3684,-1.0
3685,-11.0
3686,62.0
3687,-1.0
3688,-2.0
3689,10.0
3690,2.0
3691,-1.0
3692,-52.0
3693,1.0
3694,5.0
3695,-1.0
3696,0.0
3697,-5.0
3698,3.0
3699,-9.0
3700,0.0
3701,-23.0
3702,-1.0
3703,9.0
3704,0.0
3705,4.0
3706,0.0
3707,-3.0
3708,-3.0
3709,-32766.0
3710,25.0
3711,-3.0
3712,-87.0
3713,-1.0
3714,5.0
3715,1.0
3716,-80.0
3717,19.0
3718,1.0
3719,4.0
3720,2.0
3721,1.0
3722,20.0
3723,3.0
3724,-2.0
3725,1.0
3726,-18.0
3727,23.0
3728,0.0
3729,-25.0
3730,-40.0
3731,-1.0
3732,0.0
3733,-8.0
3734,0.0
3735,8.0
3736,-12.0
3737,-2.0
3738,1.0
3739,-97.0
3740,0.0
3741,11.0
3742,-48.0
3743,4.0
3744,-15.0
3745,-3.0
3746,-7.0
3747,-1.0
3748,0.0
3749,-14.0
3750,2.0
3751,3.0
3752,2.0
3753,14.0
3754,32751.0
3755,2.0
3756,0.0
3757,0.0
3758,0.0
3759,-1.0
3760,11.0
3761,13.0
3762,1.0
3763,32722.0
3764,29.0
3765,12.0
3766,30.0
3767,0.0
3768,0.0
3769,0.0
3770,-54.0
3771,-1.0
3772,6.0
3773,-15.0
3774,-26.0
3775,13.0
3776,-12.0
3777,10.0
3778,1.0
3779,-6.0
3780,0.0
3781,9.0
3782,-8.0
3783,-2.0
3784,-1.0
3785,2.0
3786,-1.0
3787,7.0
3788,0.0
3789,7.0
3790,0.0
3791,5.0
3792,5.0
3793,2.0
3794,-4.0
3795,2.0
3796,2.0
3797,2.0
3798,3.0
3799,-10.0
3800,0.0
3801,-3.0
3802,3.0
3803,13.0
3804,53.0
3805,15.0
3806,0.0
3807,0.0
3808,-2.0
3809,-21.0
3810,1.0
3811,0.0
3812,1.0
3813,-21.0
3814,0.0
3815,25.0
3816,-15.0
3817,1.0
3818,191.0
3819,-40.0
3820,6.0
3821,0.0
3822,-59.0
3823,6.0
3824,0.0
3825,0.0
3826,0.0
3827,6.0
3828,7.0
3829,-18.0
3830,1.0
3831,-1.0
3832,-4.0
3833,-23.0
3834,64.0
3835,11.0
3836,1.0
3837,-11.0
3838,-2.0
3839,10.0
3840,2.0
3841,-5.0
3842,0.0
3843,0.0
3844,7.0
3845,0.0
3846,0.0
3847,-1.0
3848,-35.0
3849,0.0
3850,1.0
3851,-16.0
3852,0.0
3853,-1.0
3854,-7.0
3855,0.0
3856,4.0
3857,0.0
3858,4.0
3859,11.0
3860,-4.0
3861,-120.0
3862,1.0
3863,17.0
3864,0.0
3865,-18.0
3866,-93.0
3867,0.0
3868,0.0
3869,-70.0
3870,22.0
3871,0.0
3872,-2.0
3873,0.0
3874,3.0
3875,27.0
3876,0.0
3877,0.0
3878,0.0
3879,-36.0
3880,-4.0
3881,-6.0
3882,-30.0
3883,24.0
3884,0.0
3885,-15.0
3886,0.0
3887,1.0
3888,0.0
3889,71.0
3890,1.0
3891,-2.0
3892,47.0
3893,0.0
3894,37.0
3895,-1.0
3896,1.0
3897,0.0
3898,-18.0
3899,5.0
3900,3.0
3901,4.0
3902,-1.0
3903,-10.0
3904,-2.0
3905,44.0
3906,-1.0
3907,-5.0
3908,2.0
3909,0.0
3910,0.0
3911,4.0
3912,1.0
3913,13.0
3914,1.0
3915,-17.0
3916,7.0
3917,-2.0
3918,-37.0
3919,-1.0
3920,1.0
3921,-2.0
3922,0.0
3923,36.0
3924,18.0
3925,-1.0
3926,-1.0
3927,0.0
3928,-9.0
3929,-4.0
3930,-2.0
3931,14.0
3932,31.0
3933,-7.0
3934,1.0
3935,-8.0
3936,-25.0
3937,1.0
3938,-2.0
3939,1.0
3940,-1.0
3941,-34.0
3942,0.0
3943,1.0
3944,16.0
3945,17.0
3946,0.0
3947,0.0
3948,-13.0
3949,25.0
3950,-8.0
3951,-15.0
3952,-1.0
3953,-1.0
3954,0.0
3955,-1.0
3956,-1.0
3957,0.0
3958,5.0
3959,0.0
3960,0.0
3961,7.0
3962,0.0
3963,0.0
3964,-7.0
3965,-5.0
3966,1.0
3967,-5.0
3968,0.0
3969,23.0
3970,9.0
3971,-15.0
3972,-28.0
3973,14.0
3974,0.0
3975,-2.0
3976,0.0
3977,-14.0
3978,-9.0
3979,-3.0
3980,1.0
3981,0.0
3982,-9.0
3983,-1.0
3984,-13.0
3985,-32715.0
3986,4.0
3987,24.0
3988,0.0
3989,-17.0
3990,-1.0
3991,-5.0
3992,-1.0
3993,0.0
3994,24.0
3995,13.0
3996,-1.0
3997,4.0
3998,-9.0
3999,-1.0
4000,-2.0
4001,2.0
4002,2.0
4003,1.0
4004,-7.0
4005,-9.0
4006,-1.0
4007,-14.0
4008,24.0
4009,-1.0
4010,19.0
4011,0.0
4012,8.0
4013,-4.0
4014,0.0
4015,2.0
4016,3.0
4017,0.0
4018,1.0
4019,25.0
4020,-4.0
4021,5.0
4022,8.0
4023,-2.0
4024,1.0
4025,0.0
4026,9.0
4027,2.0
4028,0.0
4029,-1.0
4030,0.0
4031,9.0
4032,-1.0
4033,-2.0
4034,13.0
4035,2.0
4036,1.0
4037,16.0
4038,1.0
4039,-3.0
4040,-10.0
4041,-6.0
4042,0.0
4043,0.0
4044,27.0
4045,-12.0
4046,0.0
4047,0.0
4048,16.0
4049,4.0
4050,5.0
4051,3.0
4052,2.0
4053,1.0
4054,33.0
4055,-17.0
4056,7.0
4057,-2.0
4058,-6.0
4059,0.0
4060,3.0
4061,-3.0
4062,32767.0
4063,-7.0
4064,1.0
4065,-1.0
4066,0.0
4067,1.0
4068,0.0
4069,12.0
4070,0.0
4071,-5.0
4072,30.0
4073,2.0
4074,0.0
4075,0.0
4076,-1.0
4077,0.0
4078,-4.0
4079,0.0
4080,-2.0
4081,-32.0
4082,-3.0
4083,-2.0
4084,85.0
4085,14.0
4086,2.0
4087,-2.0
4088,-30.0
4089,-7.0
4090,0.0
4091,9.0
4092,14.0
4093,2.0
4094,3.0
4095,10.0
4096,-30.0
4097,2.0
4098,2.0
4099,-5.0
4100,-1.0
4101,13.0
4102,2.0
4103,0.0
4104,0.0
4105,10.0
4106,3.0
4107,5.0
4108,7.0
4109,0.0
4110,0.0
4111,1.0
4112,-32766.0
4113,-10.0
4114,-1.0
4115,-18.0
4116,-1.0
4117,161.0
4118,44.0
4119,-2.0
4120,-4.0
4121,5.0
4122,2.0
4123,-2.0
4124,-2.0
4125,0.0
4126,-1.0
4127,51.0
4128,0.0
4129,-20.0
4130,0.0
4131,-4.0
4132,10.0
4133,83.0
4134,-99.0
4135,-4.0
4136,1.0
4137,0.0
4138,-22.0
4139,0.0
4140,1.0
4141,-28.0
4142,-6.0
4143,-1.0
4144,0.0
4145,-1.0
4146,5.0
4147,0.0
4148,-8.0
4149,34.0
4150,-1.0
4151,2.0
4152,4.0
4153,-4.0
4154,-2.0
4155,75.0
4156,0.0
4157,1.0
4158,-2.0
4159,0.0
4160,-15.0
4161,18.0
4162,2.0
4163,-15.0
4164,-4.0
4165,-1.0
4166,2.0
4167,10.0
4168,0.0
4169,-2.0
4170,-22.0
4171,-3.0
4172,4.0
4173,-32763.0
4174,2.0
4175,-6.0
4176,0.0
4177,-1.0
4178,-9.0
4179,3.0
4180,-41.0
4181,3.0
4182,-14.0
4183,0.0
4184,-1.0
4185,-23.0
4186,27.0
4187,75.0
4188,-105.0
4189,1.0
4190,-23.0
4191,1.0
4192,-4.0
4193,0.0
4194,219.0
4195,0.0
4196,-21.0
4197,-3.0
4198,0.0
4199,0.0
4200,0.0
4201,0.0
4202,6.0
4203,0.0
4204,10.0
4205,0.0
4206,22.0
4207,1.0
4208,-136.0
4209,3.0
4210,3.0
4211,13.0
4212,-20.0
4213,-2.0
4214,16.0
4215,-4.0
4216,8.0
4217,1.0
4218,1.0
4219,2.0
4220,-1.0
4221,0.0
4222,-1.0
4223,3.0
4224,27.0
4225,0.0
4226,6.0
4227,7.0
4228,-1.0
4229,2.0
4230,-1.0
4231,2.0
4232,18.0
4233,0.0
4234,-4.0
4235,0.0
4236,1.0
4237,-3.0
4238,-4.0
4239,-16.0
4240,0.0
4241,8.0
4242,-41.0
4243,0.0
4244,-1.0
4245,20.0
4246,-13.0
4247,-2.0
4248,16.0
4249,0.0
4250,0.0
4251,-4.0
4252,-8.0
4253,10.0
4254,0.0
4255,1.0
4256,2.0
4257,49.0
4258,-1.0
4259,1.0
4260,-1.0
4261,13.0
4262,8.0
4263,43.0
4264,2.0
4265,-17.0
4266,-10.0
4267,-14.0
4268,-4.0
4269,0.0
4270,0.0
4271,0.0
4272,11.0
4273,-2.0
4274,-1.0
4275,1.0
4276,2.0
4277,1.0
4278,27.0
4279,30.0
4280,0.0
4281,1.0
4282,-32682.0
4283,-4.0
4284,3.0
4285,1.0
4286,32751.0
4287,0.0
4288,-96.0
4289,0.0
4290,-1.0
4291,3.0
4292,49.0
4293,1.0
4294,6.0
4295,5.0
4296,0.0
4297,-3.0
4298,-19.0
4299,3.0
4300,1.0
4301,0.0
4302,-3.0
4303,2.0
4304,8.0
4305,10.0
4306,1.0
4307,-6.0
4308,-49.0
4309,2.0
4310,32705.0
4311,0.0
4312,5.0
4313,13.0
4314,17.0
4315,-5.0
4316,-2.0
4317,-32733.0
4318,-1.0
4319,0.0
4320,23.0
4321,4.0
4322,0.0
4323,6.0
4324,18.0
4325,26.0
4326,13.0
4327,-1.0
4328,-4.0
4329,10.0
4330,4.0
4331,-1.0
4332,0.0
4333,0.0
4334,23.0
4335,2.0
4336,-37.0
4337,2.0
4338,-8.0
4339,-1.0
4340,3.0
4341,0.0
4342,-7.0
4343,1.0
4344,0.0
4345,-256.0
4346,-1.0
4347,1.0
4348,-9.0
4349,-3.0
4350,2.0
4351,-1.0
4352,1.0
4353,6.0
4354,-1.0
4355,-4.0
4356,41.0
4357,-6.0
4358,-4.0
4359,-8.0
4360,-6.0
4361,0.0
4362,10.0
4363,6.0
4364,-10.0
4365,0.0
4366,-12.0
4367,0.0
4368,-7.0
4369,-58.0
4370,0.0
4371,-20.0
4372,36.0
4373,0.0
4374,2.0
4375,18.0
4376,-5.0
4377,-4.0
4378,-8.0
4379,-1.0
4380,105.0
4381,-2.0
4382,-3.0
4383,-105.0
4384,5.0
4385,0.0
4386,-5.0
4387,-26.0
4388,2.0
4389,-8.0
4390,4.0
4391,-1.0
4392,4.0
4393,32769.0
4394,0.0
4395,-6.0
4396,-5.0
4397,-20.0
4398,12.0
4399,-1.0
4400,-11.0
4401,-1.0
4402,0.0
4403,23.0
4404,-1.0
4405,-3.0
4406,0.0
4407,0.0
4408,3.0
4409,0.0
4410,1.0
4411,-14.0
4412,0.0
4413,-2.0
4414,-10.0
4415,2.0
4416,7.0
4417,-26.0
4418,0.0
4419,0.0
4420,-35.0
4421,1.0
4422,-19.0
4423,0.0
4424,-32766.0
4425,0.0
4426,0.0
4427,14.0
4428,3.0
4429,-1.0
4430,7.0
4431,2.0
4432,66.0
4433,5.0
4434,1.0
4435,2.0
4436,0.0
4437,3.0
4438,3.0
4439,-15.0
4440,-32674.0
4441,0.0
4442,0.0
4443,0.0
4444,-16.0
4445,1.0
4446,11.0
4447,1.0
4448,4.0
4449,4.0
4450,-3.0
4451,-2.0
4452,22.0
4453,-17.0
4454,15.0
4455,0.0
4456,-1.0
4457,126.0
4458,26.0
4459,0.0
4460,-1.0
4461,1.0
4462,26.0
4463,0.0
4464,0.0
4465,-4.0
4466,67.0
4467,57.0
4468,27.0
4469,-1.0
4470,3.0
4471,1.0
4472,2.0
4473,-20.0
4474,1.0
4475,0.0
4476,9.0
4477,6.0
4478,24.0
4479,-113.0
4480,-178.0
4481,-1.0
4482,7.0
4483,-6.0
4484,-20.0
4485,0.0
4486,1.0
4487,-7.0
4488,0.0
4489,30.0
4490,-16.0
4491,5.0
4492,-2.0
4493,0.0
4494,0.0
4495,-2.0
4496,13.0
4497,0.0
4498,-17.0
4499,9.0
4500,1.0
4501,0.0
4502,10.0
4503,-1.0
4504,-6.0
4505,-1.0
4506,2.0
4507,-6.0
4508,0.0
4509,-27.0
4510,-2.0
4511,0.0
4512,0.0
4513,12.0
4514,0.0
4515,10.0
4516,-10.0
4517,0.0
4518,-20.0
4519,0.0
4520,-13.0
4521,-11.0
4522,32762.0
4523,-1.0
4524,-31.0
4525,5.0
4526,11.0
4527,6.0
4528,-7.0
4529,0.0
4530,-4.0
4531,11.0
4532,0.0
4533,0.0
4534,11.0
4535,0.0
4536,2.0
4537,5.0
4538,6.0
4539,14.0
4540,6.0
4541,-3.0
4542,0.0
4543,-3.0
4544,1.0
4545,-6.0
4546,-1.0
4547,20.0
4548,-16.0
4549,0.0
4550,16.0
4551,5.0
4552,0.0
4553,-1.0
4554,-1.0
4555,0.0
4556,2.0
4557,-3.0
4558,10.0
4559,-1.0
4560,-40.0
4561,4.0
4562,76.0
4563,2.0
4564,-3.0
4565,-27.0
4566,-1.0
4567,2.0
4568,0.0
4569,-19.0
4570,-16.0
4571,0.0
4572,19.0
4573,-13.0
4574,-5.0
4575,1.0
4576,-15.0
4577,-2.0
4578,0.0
4579,0.0
4580,-66.0
4581,0.0
4582,8.0
4583,0.0
4584,5.0
4585,7.0
4586,-1.0
4587,-7.0
4588,-25.0
4589,-3.0
4590,-6.0
4591,-13.0
4592,-1.0
4593,-23.0
4594,3.0
4595,52.0
4596,10.0
4597,0.0
4598,8.0
4599,16.0
4600,-2.0
4601,-5.0
4602,-32646.0
4603,2.0
4604,-3.0
4605,15.0
4606,0.0
4607,-5.0
4608,2.0
4609,28.0
4610,1.0
4611,-8.0
4612,7.0
4613,-1.0
4614,22.0
4615,-5.0
4616,-1.0
4617,-4.0
4618,29.0
4619,0.0
4620,11.0
4621,81.0
4622,3.0
4623,-10.0
4624,0.0
4625,154.0
4626,-15.0
4627,7.0
4628,5.0
4629,-8.0
4630,0.0
4631,2.0
4632,-2.0
4633,-1.0
4634,0.0
4635,0.0
4636,-20.0
4637,-3.0
4638,12.0
4639,2.0
4640,1.0
4641,6.0
4642,-6.0
4643,-1.0
4644,0.0
4645,0.0
4646,0.0
4647,-6.0
4648,-1.0
4649,-169.0
4650,4.0
4651,0.0
4652,0.0
4653,-14.0
4654,4.0
4655,-4.0
4656,2.0
4657,0.0
4658,2.0
4659,10.0
4660,0.0
4661,-21.0
4662,0.0
4663,-5.0
4664,-1.0
4665,1.0
4666,-32747.0
4667,0.0
4668,-68.0
4669,3.0
4670,-5.0
4671,0.0
4672,-14.0
4673,0.0
4674,15.0
4675,-3.0
4676,-2.0
4677,0.0
4678,1.0
4679,0.0
4680,-2.0
4681,32766.0
4682,-37.0
4683,0.0
4684,-22.0
4685,0.0
4686,0.0
4687,0.0
4688,11.0
4689,0.0
4690,3.0
4691,-1.0
4692,3.0
4693,0.0
4694,0.0
4695,0.0
4696,-3.0
4697,-54.0
4698,0.0
4699,1.0
4700,5.0
4701,2.0
4702,-2.0
4703,10.0
4704,3.0
4705,4.0
4706,3.0
4707,-32801.0
4708,1.0
4709,-8.0
4710,0.0
4711,-8.0
4712,-3.0
4713,7.0
4714,0.0
4715,-12.0
4716,15.0
4717,1.0
4718,-1.0
4719,-1.0
4720,0.0
4721,1.0
4722,-4.0
4723,8.0
4724,2.0
4725,0.0
4726,3.0
4727,0.0
4728,1.0
4729,-3.0
4730,1.0
4731,-2.0
4732,-1.0
4733,-9.0
4734,1.0
4735,-2.0
4736,1.0
4737,-7.0
4738,-10.0
4739,71.0
4740,0.0
4741,0.0
4742,-13.0
4743,2.0
4744,0.0
4745,-13.0
4746,-7.0
4747,0.0
4748,-6.0
4749,32694.0
4750,1.0
4751,2.0
4752,0.0
4753,0.0
4754,-114.0
4755,0.0
4756,3.0
4757,-20.0
4758,0.0
4759,0.0
4760,-15.0
4761,0.0
4762,-1.0
4763,2.0
4764,6.0
4765,0.0
4766,-7.0
4767,0.0
4768,-4.0
4769,-10.0
4770,-3.0
4771,4.0
4772,-7.0
4773,0.0
4774,3.0
4775,2.0
4776,0.0
4777,-10.0
4778,3.0
4779,5.0
4780,2.0
4781,0.0
4782,20.0
4783,2.0
4784,-82.0
4785,4.0
4786,0.0
4787,2.0
4788,-1.0
4789,-25.0
4790,0.0
4791,11.0
4792,0.0
4793,0.0
4794,-83.0
4795,5.0
4796,0.0
4797,0.0
4798,-11.0
4799,17.0
4800,0.0
4801,1.0
4802,-12.0
4803,-7.0
4804,-41.0
4805,-5.0
4806,1.0
4807,0.0
4808,0.0
4809,-12.0
4810,-82.0
4811,0.0
4812,-31.0
4813,48.0
4814,-5.0
4815,10.0
4816,134.0
4817,0.0
4818,-15.0
4819,0.0
4820,-3.0
4821,-24.0
4822,-1.0
4823,0.0
4824,-1.0
4825,13.0
4826,4.0
4827,13.0
4828,-4.0
4829,-12.0
4830,0.0
4831,4.0
4832,-12.0
4833,0.0
4834,-1.0
4835,0.0
4836,0.0
4837,-115.0
4838,3.0
4839,2.0
4840,-1.0
4841,-1.0
4842,0.0
4843,1.0
4844,2.0
4845,-1.0
4846,-5.0
4847,37.0
4848,10.0
4849,1.0
4850,-2.0
4851,-7.0
4852,-5.0
4853,-9.0
4854,0.0
4855,48.0
4856,33.0
4857,-2.0
4858,0.0
4859,-9.0
4860,1.0
4861,2.0
4862,-6.0
4863,5.0
4864,-6.0
4865,4.0
4866,0.0
4867,10.0
4868,0.0
4869,6.0
4870,2.0
4871,14.0
4872,-45.0
4873,-29.0
4874,6.0
4875,50.0
4876,4.0
4877,-6.0
4878,-5.0
4879,2.0
4880,5.0
4881,3.0
4882,-9.0
4883,-63.0
4884,0.0
4885,0.0
4886,8.0
4887,0.0
4888,4.0
4889,-4.0
4890,-1.0
4891,-1.0
4892,0.0
4893,-1.0
4894,-32772.0
4895,-32.0
4896,-11.0
4897,3.0
4898,-2.0
4899,0.0
4900,0.0
4901,-2.0
4902,1.0
4903,-2.0
4904,1.0
4905,0.0
4906,-9.0
4907,1.0
4908,3.0
4909,3.0
4910,32.0
4911,-14.0
4912,1.0
4913,11.0
4914,8.0
4915,5.0
4916,0.0
4917,2.0
4918,16.0
4919,0.0
4920,4.0
4921,-3.0
4922,-2.0
4923,0.0
4924,8.0
4925,10.0
4926,-3.0
4927,-1.0
4928,36.0
4929,0.0
4930,-124.0
4931,-12.0
4932,0.0
4933,-26.0
4934,17.0
4935,-1.0
4936,0.0
4937,9.0
4938,0.0
4939,30.0
4940,0.0
4941,-12.0
4942,7.0
4943,99.0
4944,61.0
4945,37.0
4946,0.0
4947,-27.0
4948,2.0
4949,-42.0
4950,-2.0
4951,0.0
4952,-1.0
4953,40.0
4954,-1.0
4955,1.0
4956,-9.0
4957,-4.0
4958,5.0
4959,6.0
4960,-7.0
4961,-32759.0
4962,-2.0
4963,3.0
4964,27.0
4965,1.0
4966,0.0
4967,44.0
4968,1.0
4969,9.0
4970,10.0
4971,-1.0
4972,-17.0
4973,0.0
4974,3.0
4975,2.0
4976,1.0
4977,-3.0
4978,-32791.0
4979,-5.0
4980,0.0
4981,17.0
4982,-5.0
4983,10.0
4984,25.0
4985,0.0
4986,0.0
4987,-4.0
4988,17.0
4989,7.0
4990,1.0
4991,0.0
4992,-21.0
4993,-6.0
4994,-27.0
4995,-3.0
4996,10.0
4997,0.0
4998,-12.0
4999,15.0
5000,-10.0
5001,9.0
5002,6.0
5003,-1.0
5004,16.0
5005,1.0
5006,6.0
5007,-1.0
5008,0.0
5009,-5.0
5010,-35.0
5011,4.0
5012,7.0
5013,-1.0
5014,-9.0
5015,8.0
5016,58.0
5017,0.0
5018,11.0
5019,-49.0
5020,0.0
5021,9.0
5022,2.0
5023,0.0
5024,3.0
5025,28.0
5026,-1.0
5027,0.0
5028,0.0
5029,0.0
5030,13.0
5031,-2.0
5032,-5.0
5033,-1.0
5034,0.0
5035,37.0
5036,7.0
5037,-38.0
5038,-148.0
5039,49.0
5040,-23.0
5041,0.0
5042,-5.0
5043,23.0
5044,2.0
5045,-58.0
5046,-47.0
5047,-4.0
5048,-2.0
5049,-5.0
5050,1.0
5051,1.0
5052,0.0
5053,42.0
5054,0.0
5055,23.0
5056,0.0
5057,-3.0
5058,-4.0
5059,13.0
5060,-20.0
5061,-41.0
5062,-7.0
5063,-26.0
5064,0.0
5065,4.0
5066,0.0
5067,-1.0
5068,-18.0
5069,-2.0
5070,-38.0
5071,16.0
5072,0.0
5073,0.0
5074,3.0
5075,-10.0
5076,0.0
5077,-46.0
5078,0.0
5079,2.0
5080,1.0
5081,-7.0
5082,-2.0
5083,0.0
5084,130.0
5085,20.0
5086,0.0
5087,8.0
5088,45.0
5089,-8.0
5090,7.0
5091,-2.0
5092,-147.0
5093,4.0
5094,-1.0
5095,15.0
5096,1.0
5097,0.0
5098,2.0
5099,0.0
5100,0.0
5101,0.0
5102,80.0
5103,0.0
5104,-42.0
5105,-67.0
5106,0.0
5107,-17.0
5108,5.0
5109,38.0
5110,5.0
5111,-9.0
5112,0.0
5113,1.0
5114,-54.0
5115,14.0
5116,-16.0
5117,48.0
5118,-1.0
5119,32720.0
5120,6.0
5121,-1.0
5122,0.0
5123,2.0
5124,-1.0
5125,29.0
5126,1.0
5127,-1.0
5128,-63.0
5129,1.0
5130,45.0
5131,1.0
5132,0.0
5133,-5.0
5134,-32766.0
5135,-32697.0
5136,1.0
5137,2.0
5138,0.0
5139,0.0
5140,3.0
5141,-4.0
5142,-4.0
5143,54.0
5144,2.0
5145,5.0
5146,0.0
5147,0.0
5148,-73.0
5149,5.0
5150,-25.0
5151,-15.0
5152,0.0
5153,0.0
5154,0.0
5155,7.0
5156,-2.0
5157,1.0
5158,0.0
5159,-6.0
5160,0.0
5161,14.0
5162,-8.0
5163,-1.0
5164,-11.0
5165,-1.0
5166,0.0
5167,0.0
5168,-31.0
5169,28.0
5170,2.0
5171,0.0
5172,0.0
5173,1.0
5174,6.0
5175,0.0
5176,-10.0
5177,2.0
5178,-13.0
5179,7.0
5180,-13.0
5181,-16.0
5182,0.0
5183,-3.0
5184,0.0
5185,4.0
5186,-3.0
5187,3.0
5188,-7.0
5189,0.0
5190,-32804.0
5191,0.0
5192,-22.0
5193,1.0
5194,14.0
5195,-1.0
5196,1.0
5197,4.0
5198,3.0
5199,3.0
5200,-10.0
5201,80.0
5202,-237.0
5203,4.0
5204,0.0
5205,-4.0
5206,-23.0
5207,-230.0
5208,-26.0
5209,4.0
5210,6.0
5211,-65.0
5212,-2.0
5213,-2.0
5214,12.0
5215,0.0
5216,1.0
5217,1.0
5218,-2.0
5219,2.0
5220,30.0
5221,-8.0
5222,0.0
5223,1.0
5224,-1.0
5225,-42.0
5226,-1.0
5227,3.0
5228,2.0
5229,-3.0
5230,-1.0
5231,19.0
5232,0.0
5233,0.0
5234,-1.0
5235,23.0
5236,0.0
5237,48.0
5238,-17.0
5239,-114.0
5240,3.0
5241,0.0
5242,27.0
5243,-9.0
5244,-10.0
5245,22.0
5246,3.0
5247,-2.0
5248,0.0
5249,10.0
5250,16.0
5251,3.0
5252,-71.0
5253,7.0
5254,-7.0
5255,-1.0
5256,-4.0
5257,32649.0
5258,1.0
5259,0.0
5260,0.0
5261,0.0
5262,-1.0
5263,-8.0
5264,0.0
5265,-30.0
5266,3.0
5267,0.0
5268,-11.0
5269,32783.0
5270,0.0
5271,0.0
5272,21.0
5273,-1.0
5274,-32773.0
5275,-12.0
5276,-11.0
5277,0.0
5278,-2.0
5279,0.0
5280,0.0
5281,-14.0
5282,0.0
5283,14.0
5284,28.0
5285,0.0
5286,3.0
5287,-3.0
5288,-13.0
5289,1.0
5290,0.0
5291,0.0
5292,-11.0
5293,0.0
5294,-2.0
5295,-7.0
5296,0.0
5297,3.0
5298,-6.0
5299,-159.0
5300,-52.0
5301,0.0
5302,4.0
5303,-19.0
5304,2.0
5305,0.0
5306,1.0
5307,-1.0
5308,1.0
5309,28.0
5310,-1.0
5311,1.0
5312,-76.0
5313,11.0
5314,-4.0
5315,0.0
5316,-1.0
5317,5.0
5318,-39.0
5319,1.0
5320,0.0
5321,0.0
5322,7.0
5323,-16.0
5324,-32.0
5325,0.0
5326,1.0
5327,0.0
5328,0.0
5329,4.0
5330,0.0
5331,0.0
5332,-4.0
5333,10.0
5334,-2.0
5335,-1.0
5336,0.0
5337,1.0
5338,0.0
5339,0.0
5340,11.0
5341,-1.0
5342,-5.0
5343,-17.0
5344,-3.0
5345,0.0
5346,0.0
5347,3.0
5348,4.0
5349,392.0
5350,2.0
5351,0.0
5352,17.0
5353,-2.0
5354,-1.0
5355,0.0
5356,14.0
5357,5.0
5358,1.0
5359,0.0
5360,0.0
5361,-1.0
5362,0.0
5363,30.0
5364,0.0
5365,0.0
5366,7.0
5367,-2.0
5368,117.0
5369,-17.0
5370,147.0
5371,-2.0
5372,-3.0
5373,2.0
5374,-12.0
5375,1.0
5376,-23.0
5377,-3.0
5378,3.0
5379,-1.0
5380,-12.0
5381,-3.0
5382,3.0
5383,-32692.0
5384,1.0
5385,0.0
5386,-37.0
5387,0.0
5388,-1.0
5389,36.0
5390,0.0
5391,2.0
5392,-9.0
5393,0.0
5394,-18.0
5395,-2.0
5396,-26.0
5397,13.0
5398,-113.0
5399,-1.0
5400,2.0
5401,-3.0
5402,0.0
5403,-34.0
5404,8.0
5405,14.0
5406,3.0
5407,11.0
5408,11.0
5409,-11.0
5410,-2.0
5411,-1.0
5412,27.0
5413,0.0
5414,0.0
5415,-4.0
5416,1.0
5417,0.0
5418,19.0
5419,-4.0
5420,0.0
5421,-29.0
5422,0.0
5423,5.0
5424,-24.0
5425,19.0
5426,-11.0
5427,144.0
5428,-8.0
5429,-1.0
5430,4.0
5431,27.0
5432,354.0
5433,4.0
5434,32766.0
5435,-2.0
5436,0.0
5437,1.0
5438,7.0
5439,0.0
5440,5.0
5441,3.0
5442,0.0
5443,-2.0
5444,-1.0
5445,0.0
5446,13.0
5447,11.0
5448,0.0
5449,4.0
5450,0.0
5451,-144.0
5452,4.0
5453,18.0
5454,-28.0
5455,1.0
5456,12.0
5457,12.0
5458,17.0
5459,-2.0
5460,-9.0
5461,0.0
5462,1.0
5463,23.0
5464,13.0
5465,16.0
5466,0.0
5467,7.0
5468,0.0
5469,-127.0
5470,9.0
5471,-2.0
5472,-43.0
5473,11.0
5474,0.0
5475,-44.0
5476,2.0
5477,18.0
5478,0.0
5479,1.0
5480,5.0
5481,-23.0
5482,0.0
5483,20.0
5484,19.0
5485,0.0
5486,-1.0
5487,0.0
5488,5.0
5489,45.0
5490,0.0
5491,7.0
5492,-24.0
5493,21.0
5494,0.0
5495,10.0
5496,0.0
5497,-2.0
5498,-7.0
5499,0.0
5500,-2.0
5501,0.0
5502,10.0
5503,-13.0
5504,11.0
5505,1.0
5506,0.0
5507,-5.0
5508,3.0
5509,7.0
5510,0.0
5511,0.0
5512,1.0
5513,1.0
5514,0.0
5515,5.0
5516,0.0
5517,0.0
5518,6.0
5519,1.0
5520,30.0
5521,1.0
5522,-2.0
5523,9.0
5524,3.0
5525,-1.0
5526,7.0
5527,-3.0
5528,12.0
5529,-1.0
5530,-2.0
5531,3.0
5532,6.0
5533,-32766.0
5534,24.0
5535,0.0
5536,9.0
5537,0.0
5538,0.0
5539,27.0
5540,2.0
5541,-22.0
5542,55.0
5543,-8.0
5544,-3.0
5545,32766.0
5546,-13.0
5547,8.0
5548,-1.0
5549,-1.0
5550,-17.0
5551,-4.0
5552,-115.0
5553,-1.0
5554,0.0
5555,-6.0
5556,13.0
5557,-66.0
5558,-2.0
5559,-5.0
5560,86.0
5561,9.0
5562,-1.0
5563,25.0
5564,0.0
5565,4.0
5566,-12.0
5567,31.0
5568,-1.0
5569,0.0
5570,351.0
5571,12.0
5572,0.0
5573,-1.0
5574,-4.0
5575,-49.0
5576,-1.0
5577,5.0
5578,-1.0
5579,3.0
5580,-12.0
5581,11.0
5582,10.0
5583,-1.0
5584,11.0
5585,0.0
5586,-8.0
5587,0.0
5588,-4.0
5589,-15.0
5590,4.0
5591,-38.0
5592,11.0
5593,-2.0
5594,1.0
5595,1.0
5596,20.0
5597,-91.0
5598,1.0
5599,-16.0
5600,-2.0
5601,2.0
5602,32750.0
5603,5.0
5604,0.0
5605,10.0
5606,0.0
5607,19.0
5608,-42.0
5609,-2.0
5610,-58.0
5611,-3.0
5612,2.0
5613,125.0
5614,3.0
5615,11.0
5616,7.0
5617,-27.0
5618,1.0
5619,-3.0
5620,0.0
5621,-15.0
5622,24.0
5623,7.0
5624,21.0
5625,4.0
5626,2.0
5627,-24.0
5628,-3.0
5629,0.0
5630,-2.0
5631,-42.0
5632,-7.0
5633,-1.0
5634,0.0
5635,-1.0
5636,-1.0
5637,26.0
5638,0.0
5639,-7.0
5640,34.0
5641,1.0
5642,2.0
5643,2.0
5644,0.0
5645,0.0
5646,-20.0
5647,-3.0
5648,38.0
5649,0.0
5650,0.0
5651,-1.0
5652,4.0
5653,-32740.0
5654,1.0
5655,-1.0
5656,0.0
5657,-4.0
5658,-3.0
5659,36.0
5660,0.0
5661,-7.0
5662,-1.0
5663,11.0
5664,-3.0
5665,0.0
5666,0.0
5667,36.0
5668,0.0
5669,1.0
5670,1.0
5671,74.0
5672,-2.0
5673,-32778.0
5674,-2.0
5675,-39.0
5676,-1.0
5677,0.0
5678,4.0
5679,-19.0
5680,15.0
5681,0.0
5682,6.0
5683,13.0
5684,-14.0
5685,-31.0
5686,-5.0
5687,6.0
5688,-5.0
5689,28.0
5690,0.0
5691,1.0
5692,-6.0
5693,1.0
5694,32766.0
5695,0.0
5696,1.0
5697,-7.0
5698,25.0
5699,4.0
5700,-6.0
5701,0.0
5702,-2.0
5703,-1.0
5704,5.0
5705,3.0
5706,0.0
5707,0.0
5708,-62.0
5709,-20.0
5710,4.0
5711,25.0
5712,6.0
5713,0.0
5714,-1.0
5715,0.0
5716,16.0
5717,1.0
5718,-29.0
5719,0.0
5720,11.0
5721,9.0
5722,-1.0
5723,15.0
5724,-51.0
5725,-10.0
5726,-61.0
5727,-1.0
5728,1.0
5729,-2.0
5730,32719.0
5731,9.0
5732,0.0
5733,-3.0
5734,-4.0
5735,52.0
5736,0.0
5737,7.0
5738,0.0
5739,16.0
5740,0.0
5741,-6.0
5742,-9.0
5743,18.0
5744,-1.0
5745,22.0
5746,2.0
5747,-2.0
5748,-5.0
5749,0.0
5750,-12.0
5751,10.0
5752,0.0
5753,-28.0
5754,0.0
5755,2.0
5756,-2.0
5757,-10.0
5758,-1.0
5759,0.0
5760,9.0
5761,-32713.0
5762,-32766.0
5763,2.0
5764,-14.0
5765,0.0
5766,0.0
5767,0.0
5768,0.0
5769,22.0
5770,-32764.0
5771,31.0
5772,1.0
5773,1.0
5774,1.0
5775,-1.0
5776,-76.0
5777,15.0
5778,1.0
5779,1.0
5780,2.0
5781,9.0
5782,76.0
5783,5.0
5784,-13.0
5785,0.0
5786,1.0
5787,-58.0
5788,2.0
5789,0.0
5790,-11.0
5791,0.0
5792,3.0
5793,1.0
5794,15.0
5795,23.0
5796,-1.0
5797,0.0
5798,0.0
5799,-33.0
5800,-11.0
5801,0.0
5802,95.0
5803,0.0
5804,2.0
5805,114.0
5806,0.0
5807,0.0
5808,32766.0
5809,0.0
5810,11.0
5811,4.0
5812,-16.0
5813,8.0
5814,2.0
5815,2.0
5816,-32766.0
5817,-45.0
5818,113.0
5819,23.0
5820,-35.0
5821,-45.0
5822,1.0
5823,30.0
5824,-2.0
5825,32766.0
5826,1.0
5827,-2.0
5828,0.0
5829,0.0
5830,-6.0
5831,0.0
5832,0.0
5833,38.0
5834,-55.0
5835,-1.0
5836,-12.0
5837,-28.0
5838,-2.0
5839,-6.0
5840,-17.0
5841,2.0
5842,12.0
5843,-2.0
5844,0.0
5845,32779.0
5846,3.0
5847,-2.0
5848,-89.0
5849,32766.0
5850,4.0
5851,-13.0
5852,3.0
5853,0.0
5854,2.0
5855,0.0
5856,3.0
5857,-2.0
5858,2.0
5859,0.0
5860,16.0
5861,102.0
5862,15.0
5863,-7.0
5864,-4.0
5865,-40.0
5866,0.0
5867,7.0
5868,0.0
5869,7.0
5870,1.0
5871,-21.0
5872,1.0
5873,0.0
5874,7.0
5875,67.0
5876,0.0
5877,7.0
5878,-30.0
5879,15.0
5880,0.0
5881,5.0
5882,-2.0
5883,1.0
5884,-7.0
5885,7.0
5886,152.0
5887,3.0
5888,12.0
5889,0.0
5890,0.0
5891,-16.0
5892,0.0
5893,30.0
5894,8.0
5895,-12.0
5896,-4.0
5897,21.0
5898,3.0
5899,3.0
5900,0.0
5901,-3.0
5902,2.0
5903,0.0
5904,1.0
5905,42.0
5906,0.0
5907,-15.0
5908,4.0
5909,-15.0
5910,-31.0
5911,-17.0
5912,-1.0
5913,-2.0
5914,-5.0
5915,-6.0
5916,-60.0
5917,-5.0
5918,-99.0
5919,0.0
5920,-1.0
5921,-3.0
5922,-1.0
5923,0.0
5924,2.0
5925,0.0
5926,37.0
5927,0.0
5928,2.0
5929,-3.0
5930,0.0
5931,11.0
5932,1.0
5933,1.0
5934,0.0
5935,2.0
5936,-15.0
5937,31.0
5938,-16.0
5939,-1.0
5940,-15.0
5941,0.0
5942,3.0
5943,8.0
5944,2.0
5945,0.0
5946,-2.0
5947,20.0
5948,-1.0
5949,0.0
5950,0.0
5951,-4.0
5952,-5.0
5953,20.0
5954,5.0
5955,2.0
5956,-13.0
5957,-1.0
5958,0.0
5959,2.0
5960,2.0
5961,-3.0
5962,8.0
5963,29.0
5964,6.0
5965,-11.0
5966,2.0
5967,-4.0
5968,-32704.0
5969,0.0
5970,0.0
5971,1.0
5972,-2.0
5973,-19.0
5974,3.0
5975,13.0
5976,1.0
5977,18.0
5978,0.0
5979,1.0
5980,1.0
5981,10.0
5982,45.0
5983,-54.0
5984,8.0
5985,1.0
5986,12.0
5987,0.0
5988,-27.0
5989,1.0
5990,0.0
5991,3.0
5992,0.0
5993,-5.0
5994,-55.0
5995,-1.0
5996,-4.0
5997,-12.0
5998,1.0
5999,-2.0
6000,0.0
6001,0.0
6002,0.0
6003,-3.0
6004,-10.0
6005,18.0
6006,3.0
6007,0.0
6008,0.0
6009,32766.0
6010,-11.0
6011,4.0
6012,16.0
6013,-54.0
6014,46.0
6015,-3.0
6016,1.0
6017,13.0
6018,4.0
6019,34.0
6020,-4.0
6021,23.0
6022,6.0
6023,-3.0
6024,-32761.0
6025,1.0
6026,-62.0
6027,0.0
6028,-1.0
6029,-85.0
6030,-149.0
6031,1.0
6032,1.0
6033,6.0
6034,-8.0
6035,0.0
6036,22.0
6037,-6.0
6038,3.0
6039,-15.0
6040,-6.0
6041,0.0
6042,0.0
6043,-4.0
6044,1.0
6045,-1.0
6046,2.0
6047,32.0
6048,-5.0
6049,2.0
6050,0.0
6051,-6.0
6052,1.0
6053,0.0
6054,-22.0
6055,3.0
6056,2.0
6057,-103.0
6058,-2.0
6059,10.0
6060,0.0
6061,-2.0
6062,0.0
6063,68.0
6064,-17.0
6065,0.0
6066,-2.0
6067,76.0
6068,12.0
6069,23.0
6070,-3.0
6071,-32698.0
6072,13.0
6073,-1.0
6074,0.0
6075,0.0
6076,0.0
6077,-9.0
6078,0.0
6079,12.0
6080,1.0
6081,32746.0
6082,1.0
6083,0.0
6084,0.0
6085,-1.0
6086,-1.0
6087,-10.0
6088,-43.0
6089,15.0
6090,0.0
6091,-1.0
6092,0.0
6093,26.0
6094,0.0
6095,3.0
6096,0.0
6097,-6.0
6098,-15.0
6099,0.0
6100,0.0
6101,14.0
6102,0.0
6103,36.0
6104,-1.0
6105,-24.0
6106,5.0
6107,-1.0
6108,0.0
6109,12.0
6110,-9.0
6111,-3.0
6112,-6.0
6113,5.0
6114,0.0
6115,-17.0
6116,-105.0
6117,-2.0
6118,1.0
6119,3.0
6120,4.0
6121,-3.0
6122,0.0
6123,2.0
6124,2.0
6125,9.0
6126,8.0
6127,-34.0
6128,24.0
6129,0.0
6130,-22.0
6131,-5.0
6132,-44.0
6133,-24.0
6134,1.0
6135,-1.0
6136,7.0
6137,1.0
6138,-2.0
6139,3.0
6140,2.0
6141,19.0
6142,15.0
6143,-67.0
6144,21.0
6145,-17.0
6146,-2.0
6147,0.0
6148,1.0
6149,0.0
6150,-35.0
6151,0.0
6152,3.0
6153,-12.0
6154,-1.0
6155,0.0
6156,2.0
6157,3.0
6158,4.0
6159,0.0
6160,5.0
6161,12.0
6162,2.0
6163,21.0
6164,0.0
6165,5.0
6166,-6.0
6167,3.0
6168,53.0
6169,-1.0
6170,-3.0
6171,-4.0
6172,-1.0
6173,0.0
6174,-1.0
6175,0.0
6176,0.0
6177,1.0
6178,3.0
6179,4.0
6180,6.0
6181,1.0
6182,9.0
6183,-10.0
6184,4.0
6185,3.0
6186,0.0
6187,1.0
6188,0.0
6189,0.0
6190,-1.0
6191,2.0
6192,8.0
6193,10.0
6194,2.0
6195,-5.0
6196,-16.0
6197,15.0
6198,4.0
6199,8.0
6200,0.0
6201,13.0
6202,1.0
6203,-16.0
6204,5.0
6205,0.0
6206,-1.0
6207,1.0
6208,-32767.0
6209,17.0
6210,0.0
6211,12.0
6212,-32763.0
6213,-16.0
6214,-43.0
6215,-1.0
6216,13.0
6217,5.0
6218,4.0
6219,-3.0
6220,0.0
6221,-4.0
6222,0.0
6223,-1.0
6224,43.0
6225,74.0
6226,-1.0
6227,-81.0
6228,-1.0
6229,5.0
6230,0.0
6231,0.0
6232,-8.0
6233,-6.0
6234,10.0
6235,1.0
6236,5.0
6237,-2.0
6238,0.0
6239,4.0
6240,-13.0
6241,0.0
6242,37.0
6243,-3.0
6244,3.0
6245,5.0
6246,-2.0
6247,-4.0
6248,11.0
6249,-1.0
6250,0.0
6251,26.0
6252,-6.0
6253,1.0
6254,1.0
6255,16.0
6256,0.0
6257,-51.0
6258,-23.0
6259,-29.0
6260,-3.0
6261,-2.0
6262,2.0
6263,-1.0
6264,9.0
6265,-14.0
6266,-1.0
6267,-28.0
6268,-15.0
6269,0.0
6270,-32751.0
6271,-6.0
6272,48.0
6273,1.0
6274,-1.0
6275,-1.0
6276,4.0
6277,30.0
6278,29.0
6279,1.0
6280,-2.0
6281,12.0
6282,194.0
6283,-49.0
6284,0.0
6285,3.0
6286,0.0
6287,-6.0
6288,-5.0
6289,0.0
6290,-2.0
6291,3.0
6292,0.0
6293,-11.0
6294,17.0
6295,6.0
6296,0.0
6297,162.0
6298,1.0
6299,-3.0
6300,2.0
6301,-2.0
6302,116.0
6303,-11.0
6304,1.0
6305,1.0
6306,-17.0
6307,-2.0
6308,-8.0
6309,46.0
6310,-22.0
6311,31.0
6312,-25.0
6313,11.0
6314,-25.0
6315,-22.0
6316,-14.0
6317,9.0
6318,8.0
6319,-4.0
6320,3.0
6321,0.0
6322,0.0
6323,8.0
6324,102.0
6325,-18.0
6326,12.0
6327,8.0
6328,16.0
6329,1.0
6330,2.0
6331,1.0
6332,3.0
6333,17.0
6334,3.0
6335,-32.0
6336,0.0
6337,40.0
6338,0.0
6339,0.0
6340,-6.0
6341,-32698.0
6342,8.0
6343,0.0
6344,19.0
6345,0.0
6346,0.0
6347,0.0
6348,0.0
6349,9.0
6350,0.0
6351,-1.0
6352,-17.0
6353,41.0
6354,-40.0
6355,-12.0
6356,-32744.0
6357,32820.0
6358,-21.0
6359,-4.0
6360,1.0
6361,7.0
6362,0.0
6363,0.0
6364,6.0
6365,9.0
6366,-32765.0
6367,0.0
6368,11.0
6369,-1.0
6370,86.0
6371,-117.0
6372,0.0
6373,4.0
6374,-12.0
6375,1.0
6376,2.0
6377,-1.0
6378,-1.0
6379,-17.0
6380,46.0
6381,0.0
6382,0.0
6383,-4.0
6384,0.0
6385,0.0
6386,-1.0
6387,-3.0
6388,-1.0
6389,1.0
6390,5.0
6391,0.0
6392,-1.0
6393,0.0
6394,24.0
6395,-1.0
6396,-17.0
6397,8.0
6398,1.0
6399,-2.0
6400,0.0
6401,0.0
6402,9.0
6403,-10.0
6404,-1.0
6405,23.0
6406,5.0
6407,-2.0
6408,35.0
6409,10.0
6410,0.0
6411,31.0
6412,0.0
6413,3.0
6414,-15.0
6415,-6.0
6416,-158.0
6417,-1.0
6418,-4.0
6419,-3.0
6420,-3.0
6421,7.0
6422,3.0
6423,-2.0
6424,32.0
6425,-15.0
6426,-17.0
6427,93.0
6428,-2.0
6429,-2.0
6430,-3.0
6431,20.0
6432,1.0
6433,-7.0
6434,-19.0
6435,0.0
6436,50.0
6437,-65.0
6438,-4.0
6439,-3.0
6440,0.0
6441,-19.0
6442,-13.0
6443,-18.0
6444,0.0
6445,-2.0
6446,17.0
6447,-120.0
6448,-17.0
6449,6.0
6450,0.0
6451,99.0
6452,163.0
6453,0.0
6454,-17.0
6455,0.0
6456,39.0
6457,-4.0
6458,14.0
6459,17.0
6460,40.0
6461,-5.0
6462,-41.0
6463,5.0
6464,1.0
6465,18.0
6466,5.0
6467,1.0
6468,-38.0
6469,9.0
6470,-5.0
6471,54.0
6472,1.0
6473,15.0
6474,5.0
6475,15.0
6476,-13.0
6477,25.0
6478,18.0
6479,-20.0
6480,0.0
6481,1.0
6482,-33.0
6483,-1.0
6484,0.0
6485,220.0
6486,0.0
6487,5.0
6488,14.0
6489,2.0
6490,0.0
6491,-1.0
6492,-1.0
6493,0.0
6494,-36.0
6495,0.0
6496,-7.0
6497,1.0
6498,31.0
6499,1.0
6500,10.0
6501,-2.0
6502,-25.0
6503,1.0
6504,0.0
6505,-4.0
6506,-2.0
6507,1.0
6508,26.0
6509,-1.0
6510,0.0
6511,-8.0
6512,11.0
6513,0.0
6514,-35.0
6515,73.0
6516,-4.0
6517,22.0
6518,0.0
6519,0.0
6520,1.0
6521,0.0
6522,-22.0
6523,0.0
6524,0.0
6525,-22.0
6526,-1.0
6527,-46.0
6528,0.0
6529,0.0
6530,0.0
6531,6.0
6532,-1.0
6533,-1.0
6534,0.0
6535,7.0
6536,-1.0
6537,-6.0
6538,17.0
6539,6.0
6540,2.0
6541,14.0
6542,4.0
6543,-17.0
6544,-34.0
6545,-4.0
6546,-16.0
6547,5.0
6548,0.0
6549,-9.0
6550,0.0
6551,0.0
6552,0.0
6553,-1.0
6554,0.0
6555,3.0
6556,-10.0
6557,-10.0
6558,15.0
6559,49.0
6560,77.0
6561,32686.0
6562,1.0
6563,-1.0
6564,25.0
6565,-3.0
6566,2.0
6567,0.0
6568,-4.0
6569,-3.0
6570,0.0
6571,0.0
6572,1.0
6573,1.0
6574,0.0
6575,-1.0
6576,0.0
6577,4.0
6578,37.0
6579,0.0
6580,1.0
6581,2.0
6582,2.0
6583,12.0
6584,15.0
6585,0.0
6586,6.0
6587,0.0
6588,33.0
6589,-2.0
6590,36.0
6591,6.0
6592,1.0
6593,-3.0
6594,10.0
6595,2.0
6596,81.0
6597,0.0
6598,-32804.0
6599,3.0
6600,-26.0
6601,-52.0
6602,16.0
6603,4.0
6604,0.0
6605,0.0
6606,-3.0
6607,10.0
6608,5.0
6609,0.0
6610,36.0
6611,3.0
6612,-1.0
6613,-29.0
6614,0.0
6615,-12.0
6616,1.0
6617,-1.0
6618,0.0
6619,6.0
6620,10.0
6621,-4.0
6622,-1.0
6623,1.0
6624,0.0
6625,3.0
6626,0.0
6627,-8.0
6628,6.0
6629,-1.0
6630,-2.0
6631,1.0
6632,-45.0
6633,-9.0
6634,-1.0
6635,2.0
6636,-7.0
6637,1.0
6638,-7.0
6639,0.0
6640,0.0
6641,0.0
6642,54.0
6643,-1.0
6644,-1.0
6645,5.0
6646,-6.0
6647,-12.0
6648,-16.0
6649,0.0
6650,5.0
6651,0.0
6652,25.0
6653,-1.0
6654,-1.0
6655,0.0
6656,-4.0
6657,-10.0
6658,15.0
6659,-12.0
6660,-4.0
6661,2.0
6662,2.0
6663,9.0
6664,-454.0
6665,14.0
6666,0.0
6667,-1.0
6668,4.0
6669,0.0
6670,18.0
6671,7.0
6672,-32752.0
6673,2.0
6674,0.0
6675,16.0
6676,2.0
6677,0.0
6678,9.0
6679,0.0
6680,1.0
6681,7.0
6682,5.0
6683,10.0
6684,1.0
6685,0.0
6686,0.0
6687,0.0
6688,0.0
6689,0.0
6690,-5.0
6691,0.0
6692,2.0
6693,-1.0
6694,0.0
6695,5.0
6696,-40.0
6697,0.0
6698,1.0
6699,23.0
6700,2.0
6701,-22.0
6702,32736.0
6703,-51.0
6704,3.0
6705,1.0
6706,2.0
6707,1.0
6708,0.0
6709,0.0
6710,0.0
6711,2.0
6712,7.0
6713,0.0
6714,2.0
6715,-32766.0
6716,-19.0
6717,-8.0
6718,0.0
6719,-19.0
6720,-44.0
6721,-9.0
6722,30.0
6723,46.0
6724,-4.0
6725,-15.0
6726,-7.0
6727,5.0
6728,2.0
6729,0.0
6730,-21.0
6731,32766.0
6732,0.0
6733,-23.0
6734,2.0
6735,1.0
6736,4.0
6737,-1.0
6738,1.0
6739,-3.0
6740,-9.0
6741,-17.0
6742,1.0
6743,-2.0
6744,-7.0
6745,-65.0
6746,-1.0
6747,-10.0
6748,-2.0
6749,-1.0
6750,-1.0
6751,1.0
6752,0.0
6753,-4.0
6754,0.0
6755,0.0
6756,-1.0
6757,15.0
6758,4.0
6759,19.0
6760,0.0
6761,3.0
6762,1.0
6763,-16.0
6764,0.0
6765,-14.0
6766,-11.0
6767,1.0
6768,4.0
6769,-16.0
6770,0.0
6771,1.0
6772,-1.0
6773,1.0
6774,5.0
6775,-22.0
6776,5.0
6777,2.0
6778,-11.0
6779,-2.0
6780,10.0
6781,2.0
6782,0.0
6783,1.0
6784,0.0
6785,-3.0
6786,-25.0
6787,7.0
6788,1.0
6789,0.0
6790,1.0
6791,6.0
6792,4.0
6793,-194.0
6794,0.0
6795,1.0
6796,0.0
6797,23.0
6798,1.0
6799,-3.0
6800,0.0
6801,3.0
6802,6.0
6803,0.0
6804,-39.0
6805,-3.0
6806,-33.0
6807,1.0
6808,-1.0
6809,0.0
6810,-4.0
6811,0.0
6812,-2.0
6813,10.0
6814,8.0
6815,-3.0
6816,0.0
6817,-23.0
6818,2.0
6819,32766.0
6820,-16.0
6821,-8.0
6822,-3.0
6823,23.0
6824,-1.0
6825,-88.0
6826,-8.0
6827,9.0
6828,1.0
6829,-3.0
6830,12.0
6831,0.0
6832,40.0
6833,2.0
6834,1.0
6835,0.0
6836,-65300.0
6837,-1.0
6838,-13.0
6839,8.0
6840,-1.0
6841,-17.0
6842,0.0
6843,4.0
6844,105.0
6845,-1.0
6846,0.0
6847,-1.0
6848,12.0
6849,0.0
6850,17.0
6851,-12.0
6852,18.0
6853,-22.0
6854,-1.0
6855,12.0
6856,-13.0
6857,-36.0
6858,-32777.0
6859,0.0
6860,0.0
6861,3.0
6862,-1.0
6863,-5.0
6864,0.0
6865,-1.0
6866,-50.0
6867,1.0
6868,8.0
6869,-7.0
6870,12.0
6871,-1.0
6872,0.0
6873,-1.0
6874,6.0
6875,-5.0
6876,-1.0
6877,-1.0
6878,1.0
6879,29.0
6880,-4.0
6881,-1.0
6882,-8.0
6883,0.0
6884,-43.0
6885,-3.0
6886,0.0
6887,0.0
6888,2.0
6889,-1.0
6890,6.0
6891,1.0
6892,4.0
6893,0.0
6894,0.0
6895,0.0
6896,1.0
6897,0.0
6898,6.0
6899,-9.0
6900,1.0
6901,2.0
6902,0.0
6903,-45.0
6904,3.0
6905,-46.0
6906,5.0
6907,-15.0
6908,0.0
6909,0.0
6910,1.0
6911,2.0
6912,-4.0
6913,1.0
6914,42.0
6915,19.0
6916,3.0
6917,-15.0
6918,-4.0
6919,35.0
6920,-22.0
6921,-10.0
6922,30.0
6923,10.0
6924,9.0
6925,0.0
6926,16.0
6927,-2.0
6928,5.0
6929,3.0
6930,-11.0
6931,-1.0
6932,-7.0
6933,1.0
6934,-1.0
6935,-21.0
6936,0.0
6937,-1.0
6938,9.0
6939,0.0
6940,13.0
6941,-59.0
6942,2.0
6943,5.0
6944,1.0
6945,-9.0
6946,3.0
6947,4.0
6948,7.0
6949,1.0
6950,1.0
6951,5.0
6952,-7.0
6953,1.0
6954,2.0
6955,2.0
6956,-6.0
6957,-4.0
6958,6.0
6959,-1.0
6960,0.0
6961,-1.0
6962,2.0
6963,-6.0
6964,-1.0
6965,0.0
6966,-48.0
6967,-11.0
6968,18.0
6969,3.0
6970,12.0
6971,0.0
6972,-2.0
6973,2.0
6974,0.0
6975,1.0
6976,0.0
6977,6.0
6978,5.0
6979,0.0
6980,-3.0
6981,-48.0
6982,-9.0
6983,46.0
6984,32766.0
6985,-3.0
6986,-1.0
6987,48.0
6988,4.0
6989,1.0
6990,-23.0
6991,3.0
6992,-152.0
6993,12.0
6994,2.0
6995,-1.0
6996,17.0
6997,0.0
6998,-4.0
6999,-3.0
7000,0.0
7001,4.0
7002,3.0
7003,4.0
7004,-1.0
7005,1.0
7006,0.0
7007,-14.0
7008,-5.0
7009,-32.0
7010,0.0
7011,3.0
7012,2.0
7013,-2.0
7014,-4.0
7015,5.0
7016,1.0
7017,-7.0
7018,-1.0
7019,4.0
7020,0.0
7021,-3.0
7022,1.0
7023,-1.0
7024,0.0
7025,5.0
7026,-12.0
7027,-4.0
7028,1.0
7029,1.0
7030,0.0
7031,0.0
7032,31.0
7033,0.0
7034,-1.0
7035,-1.0
7036,13.0
7037,1.0
7038,-5.0
7039,1.0
7040,-54.0
7041,0.0
7042,0.0
7043,25.0
7044,-7.0
7045,-2.0
7046,13.0
7047,0.0
7048,3.0
7049,5.0
7050,-1.0
7051,0.0
7052,-4.0
7053,5.0
7054,0.0
7055,0.0
7056,0.0
7057,0.0
7058,1.0
7059,-5.0
7060,2.0
7061,1.0
7062,-2.0
7063,2.0
7064,-1.0
7065,79.0
7066,1.0
7067,-3.0
7068,2.0
7069,15.0
7070,1.0
7071,0.0
7072,0.0
7073,-4.0
7074,8.0
7075,1.0
7076,17.0
7077,21.0
7078,-3.0
7079,-25.0
7080,109.0
7081,1.0
7082,-6.0
7083,0.0
7084,-2.0
7085,29.0
7086,18.0
7087,-88.0
7088,-32.0
7089,0.0
7090,6.0
7091,0.0
7092,53.0
7093,2.0
7094,-2.0
7095,3.0
7096,0.0
7097,-1.0
7098,12.0
7099,24.0
7100,0.0
7101,1.0
7102,-30.0
7103,1.0
7104,0.0
7105,-32750.0
7106,-1.0
7107,-18.0
7108,-2.0
7109,3.0
7110,0.0
7111,6.0
7112,-12.0
7113,-8.0
7114,2.0
7115,-2.0
7116,10.0
7117,-17.0
7118,-1.0
7119,-2.0
7120,-28.0
7121,23.0
7122,0.0
7123,21.0
7124,-66.0
7125,15.0
7126,0.0
7127,2.0
7128,0.0
7129,9.0
7130,-16.0
7131,112.0
7132,0.0
7133,0.0
7134,-2.0
7135,-2.0
7136,14.0
7137,0.0
7138,2.0
7139,-1.0
7140,0.0
7141,19.0
7142,0.0
7143,-1.0
7144,6.0
7145,5.0
7146,4.0
7147,11.0
7148,10.0
7149,0.0
7150,12.0
7151,-5.0
7152,-11.0
7153,-69.0
7154,-5.0
7155,64.0
7156,1.0
7157,7.0
7158,0.0
7159,-4.0
7160,10.0
7161,-3.0
7162,1.0
7163,0.0
7164,0.0
7165,-1.0
7166,0.0
7167,0.0
7168,0.0
7169,0.0
7170,0.0
7171,0.0
7172,0.0
7173,-14.0
7174,16.0
7175,0.0
7176,2.0
7177,-15.0
7178,-11.0
7179,-11.0
7180,-1.0
7181,-16.0
7182,33.0
7183,0.0
7184,5.0
7185,0.0
7186,-6.0
7187,9.0
7188,1.0
7189,4.0
7190,11.0
7191,-8.0
7192,-1.0
7193,-1.0
7194,-8.0
7195,0.0
7196,-8.0
7197,-2.0
7198,4.0
7199,0.0
7200,-2.0
7201,2.0
7202,0.0
7203,-1.0
7204,1.0
7205,11.0
7206,-4.0
7207,12.0
7208,32746.0
7209,0.0
7210,-13.0
7211,0.0
7212,0.0
7213,-14.0
7214,0.0
7215,0.0
7216,27.0
7217,-9.0
7218,0.0
7219,-1.0
7220,-1.0
7221,0.0
7222,26.0
7223,2.0
7224,1.0
7225,8.0
7226,101.0
7227,4.0
7228,-15.0
7229,-10.0
7230,0.0
7231,-3.0
7232,-1.0
7233,205.0
7234,0.0
7235,-1.0
7236,-6.0
7237,190.0
7238,-20.0
7239,19.0
7240,1.0
7241,0.0
7242,2.0
7243,-12.0
7244,-4.0
7245,0.0
7246,0.0
7247,5.0
7248,101.0
7249,0.0
7250,-30.0
7251,47.0
7252,4.0
7253,-1.0
7254,48.0
7255,0.0
7256,11.0
7257,3.0
7258,5.0
7259,14.0
7260,1.0
7261,3.0
7262,0.0
7263,1.0
7264,3.0
7265,-2.0
7266,0.0
7267,-86.0
7268,20.0
7269,15.0
7270,0.0
7271,-3.0
7272,-4.0
7273,-2.0
7274,0.0
7275,-11.0
7276,1.0
7277,0.0
7278,-32766.0
7279,5.0
7280,-3.0
7281,-1.0
7282,0.0
7283,11.0
7284,-6.0
7285,-3.0
7286,0.0
7287,-31.0
7288,-6.0
7289,1.0
7290,-1.0
7291,4.0
7292,-5.0
7293,-5.0
7294,0.0
7295,0.0
7296,0.0
7297,0.0
7298,-6.0
7299,-6.0
7300,0.0
7301,12.0
7302,2.0
7303,1.0
7304,0.0
7305,3.0
7306,-2.0
7307,11.0
7308,45.0
7309,1.0
7310,-5.0
7311,0.0
7312,11.0
7313,-1.0
7314,-4.0
7315,3.0
7316,-17.0
7317,79.0
7318,19.0
7319,-10.0
7320,0.0
7321,-3.0
7322,58.0
7323,2.0
7324,17.0
7325,0.0
7326,29.0
7327,-10.0
7328,-3.0
7329,0.0
7330,-71.0
7331,26.0
7332,1.0
7333,60.0
7334,0.0
7335,0.0
7336,-49.0
7337,1.0
7338,-1.0
7339,-8.0
7340,-51.0
7341,-2.0
7342,0.0
7343,-90.0
7344,-7.0
7345,-19.0
7346,0.0
7347,0.0
7348,6.0
7349,2.0
7350,0.0
7351,0.0
7352,-32805.0
7353,5.0
7354,4.0
7355,-4.0
7356,111.0
7357,3.0
7358,0.0
7359,13.0
7360,-2.0
7361,0.0
7362,-8.0
7363,0.0
7364,-1.0
7365,8.0
7366,2.0
7367,3.0
7368,-1.0
7369,2.0
7370,1.0
7371,-8.0
7372,0.0
7373,-1.0
7374,6.0
7375,43.0
7376,0.0
7377,-146.0
7378,-2.0
7379,-1.0
7380,1.0
7381,-26.0
7382,-1.0
7383,0.0
7384,-1.0
7385,-1.0
7386,-1.0
7387,0.0
7388,1.0
7389,0.0
7390,-3.0
7391,-8.0
7392,-2.0
7393,1.0
7394,0.0
7395,18.0
7396,0.0
7397,1.0
7398,1.0
7399,2.0
7400,2.0
7401,4.0
7402,22.0
7403,1.0
7404,1.0
7405,-6.0
7406,-1.0
7407,-14.0
7408,0.0
7409,-5.0
7410,-6.0
7411,-1.0
7412,-2.0
7413,0.0
7414,0.0
7415,-7.0
7416,0.0
7417,1.0
7418,-21.0
7419,-8.0
7420,-1.0
7421,-12.0
7422,0.0
7423,-14.0
7424,-3.0
7425,-2.0
7426,1.0
7427,-2.0
7428,-2.0
7429,2.0
7430,-1.0
7431,10.0
7432,0.0
7433,27.0
7434,0.0
7435,6.0
7436,0.0
7437,-4.0
7438,-2.0
7439,1.0
7440,40.0
7441,0.0
7442,8.0
7443,1.0
7444,-26.0
7445,19.0
7446,0.0
7447,3.0
7448,-15.0
7449,0.0
7450,-1.0
7451,1.0
7452,0.0
7453,-1.0
7454,-12.0
7455,0.0
7456,-48.0
7457,48.0
7458,1.0
7459,8.0
7460,-2.0
7461,3.0
7462,3.0
7463,-1.0
7464,31.0
7465,2.0
7466,1.0
7467,1.0
7468,0.0
7469,19.0
7470,-23.0
7471,0.0
7472,5.0
7473,7.0
7474,0.0
7475,46.0
7476,1.0
7477,-1.0
7478,-7.0
7479,0.0
7480,7.0
7481,2.0
7482,-67.0
7483,-22.0
7484,-2.0
7485,46.0
7486,-3.0
7487,2.0
7488,0.0
7489,-3.0
7490,-31.0
7491,-5.0
7492,9.0
7493,-6.0
7494,0.0
7495,3.0
7496,-37.0
7497,1.0
7498,-1.0
7499,-1.0
7500,3.0
7501,38.0
7502,0.0
7503,11.0
7504,1.0
7505,0.0
7506,13.0
7507,-1.0
7508,27.0
7509,-6.0
7510,1.0
7511,0.0
7512,4.0
7513,4.0
7514,1.0
7515,4.0
7516,0.0
7517,-7.0
7518,-14.0
7519,-1.0
7520,5.0
7521,0.0
7522,-7.0
7523,5.0
7524,0.0
7525,10.0
7526,-34.0
7527,0.0
7528,24.0
7529,-2.0
7530,-10.0
7531,-1.0
7532,1.0
7533,-15.0
7534,2.0
7535,103.0
7536,0.0
7537,5.0
7538,1.0
7539,0.0
7540,10.0
7541,56.0
7542,10.0
7543,-1.0
7544,0.0
7545,-28.0
7546,32766.0
7547,1.0
7548,1.0
7549,6.0
7550,0.0
7551,0.0
7552,0.0
7553,8.0
7554,-2.0
7555,0.0
7556,29.0
7557,-4.0
7558,-2.0
7559,-1.0
7560,4.0
7561,2.0
7562,-31.0
7563,-1.0
7564,1.0
7565,0.0
7566,-2.0
7567,-2.0
7568,-3.0
7569,2.0
7570,24.0
7571,-3.0
7572,-32766.0
7573,-14.0
7574,-6.0
7575,47.0
7576,1.0
7577,15.0
7578,0.0
7579,-5.0
7580,-45.0
7581,0.0
7582,-1.0
7583,0.0
7584,1.0
7585,4.0
7586,26.0
7587,-3.0
7588,0.0
7589,32.0
7590,0.0
7591,-1.0
7592,0.0
7593,0.0
7594,-10.0
7595,13.0
7596,4.0
7597,1.0
7598,0.0
7599,-4.0
7600,-51.0
7601,-3.0
7602,-2.0
7603,-13.0
7604,2.0
7605,0.0
7606,-4.0
7607,-4.0
7608,-1.0
7609,-5.0
7610,1.0
7611,-11.0
7612,0.0
7613,-32705.0
7614,-4.0
7615,-6.0
7616,0.0
7617,0.0
7618,-18.0
7619,0.0
7620,2.0
7621,1.0
7622,-5.0
7623,0.0
7624,0.0
7625,-2.0
7626,0.0
7627,-3.0
7628,3.0
7629,8.0
7630,-20.0
7631,-30.0
7632,-32794.0
7633,0.0
7634,0.0
7635,-15.0
7636,2.0
7637,1.0
7638,0.0
7639,-7.0
7640,22.0
7641,-45.0
7642,-6.0
7643,-16.0
7644,1.0
7645,0.0
7646,1.0
7647,0.0
7648,-91.0
7649,-2.0
7650,0.0
7651,0.0
7652,-7.0
7653,0.0
7654,0.0
7655,1.0
7656,0.0
7657,-1.0
7658,-5.0
7659,-149.0
7660,-1.0
7661,-5.0
7662,21.0
7663,-3.0
7664,32766.0
7665,0.0
7666,-3.0
7667,-9.0
7668,-1.0
7669,-6.0
7670,-9.0
7671,0.0
7672,0.0
7673,-2.0
7674,-8.0
7675,-11.0
7676,5.0
7677,16.0
7678,2.0
7679,-1.0
7680,6.0
7681,6.0
7682,-2.0
7683,3.0
7684,11.0
7685,-10.0
7686,4.0
7687,0.0
7688,-1.0
7689,-3.0
7690,-5.0
7691,-2.0
7692,22.0
7693,0.0
7694,-6.0
7695,0.0
7696,1.0
7697,-70.0
7698,0.0
7699,0.0
7700,-8.0
7701,0.0
7702,-2.0
7703,-6.0
7704,18.0
7705,46.0
7706,-2.0
7707,-7.0
7708,0.0
7709,-3.0
7710,-1.0
7711,0.0
7712,1.0
7713,32706.0
7714,-114.0
7715,0.0
7716,-2.0
7717,0.0
7718,-8.0
7719,-1.0
7720,-7.0
7721,11.0
7722,159.0
7723,-20.0
7724,0.0
7725,24.0
7726,-1.0
7727,3.0
7728,-8.0
7729,-1.0
7730,2.0
7731,81.0
7732,-3.0
7733,6.0
7734,18.0
7735,-55.0
7736,-22.0
7737,0.0
7738,-39.0
7739,-5.0
7740,0.0
7741,3.0
7742,0.0
7743,-1.0
7744,-3.0
7745,3.0
7746,25.0
7747,11.0
7748,0.0
7749,1.0
7750,0.0
7751,1.0
7752,0.0
7753,3.0
7754,11.0
7755,-12.0
7756,2.0
7757,12.0
7758,-2.0
7759,0.0
7760,7.0
7761,5.0
7762,6.0
7763,42.0
7764,4.0
7765,-14.0
7766,-1.0
7767,0.0
7768,-2.0
7769,48.0
7770,5.0
7771,7.0
7772,-2.0
7773,-105.0
7774,20.0
7775,1.0
7776,14.0
7777,1.0
7778,2.0
7779,3.0
7780,11.0
7781,4.0
7782,-54.0
7783,24.0
7784,13.0
7785,0.0
7786,0.0
7787,9.0
7788,0.0
7789,-26.0
7790,-16.0
7791,-24.0
7792,1.0
7793,2.0
7794,-5.0
7795,32810.0
7796,-7.0
7797,0.0
7798,0.0
7799,-32766.0
7800,9.0
7801,-27.0
7802,0.0
7803,186.0
7804,0.0
7805,-2.0
7806,1.0
7807,-21.0
7808,19.0
7809,-1.0
7810,0.0
7811,-8.0
7812,0.0
7813,21.0
7814,-1.0
7815,0.0
7816,-83.0
7817,0.0
7818,-1.0
7819,-2.0
7820,1.0
7821,-13.0
7822,-30.0
7823,2.0
7824,9.0
7825,-1.0
7826,0.0
7827,0.0
7828,0.0
7829,0.0
7830,-22.0
7831,27.0
7832,1.0
7833,-3.0
7834,0.0
7835,-8.0
7836,-28.0
7837,-6.0
7838,-31.0
7839,4.0
7840,1.0
7841,1.0
7842,9.0
7843,-24.0
7844,26.0
7845,4.0
7846,0.0
7847,9.0
7848,-1.0
7849,-1.0
7850,-7.0
7851,-26.0
7852,0.0
7853,-11.0
7854,2.0
7855,-6.0
7856,-18.0
7857,1.0
7858,3.0
7859,6.0
7860,-2.0
7861,-16.0
7862,4.0
7863,22.0
7864,-2.0
7865,35.0
7866,-94.0
7867,15.0
7868,8.0
7869,0.0
7870,0.0
7871,-32785.0
7872,1.0
7873,41.0
7874,1.0
7875,1.0
7876,-1.0
7877,0.0
7878,1.0
7879,-9.0
7880,-1.0
7881,0.0
7882,0.0
7883,0.0
7884,21.0
7885,0.0
7886,-13.0
7887,0.0
7888,1.0
7889,-3.0
7890,0.0
7891,0.0
7892,-32758.0
7893,11.0
7894,1.0
7895,55.0
7896,1.0
7897,4.0
7898,-1.0
7899,2.0
7900,-32766.0
7901,74.0
7902,0.0
7903,-1.0
7904,-1.0
7905,12.0
7906,-1.0
7907,-13.0
7908,-5.0
7909,13.0
7910,7.0
7911,-2.0
7912,0.0
7913,2.0
7914,-284.0
7915,-3.0
7916,-64.0
7917,-1.0
7918,3.0
7919,2.0
7920,-32766.0
7921,0.0
7922,1.0
7923,-9.0
7924,-58.0
7925,22.0
7926,-1.0
7927,-40.0
7928,-5.0
7929,-6.0
7930,0.0
7931,-1.0
7932,20.0
7933,0.0
7934,-15.0
7935,29.0
7936,82.0
7937,0.0
7938,-24.0
7939,-10.0
7940,0.0
7941,-53.0
7942,2.0
7943,5.0
7944,5.0
7945,-3.0
7946,-2.0
7947,3.0
7948,4.0
7949,-30.0
7950,-2.0
7951,84.0
7952,0.0
7953,0.0
7954,-3.0
7955,6.0
7956,-44.0
7957,-2.0
7958,0.0
7959,8.0
7960,7.0
7961,15.0
7962,-1.0
7963,3.0
7964,-33.0
7965,-3.0
7966,1.0
7967,-1.0
7968,8.0
7969,2.0
7970,-2.0
7971,-22.0
7972,6.0
7973,-61.0
7974,-15.0
7975,0.0
7976,51.0
7977,-52.0
7978,-2.0
7979,6.0
7980,-7.0
7981,-1.0
7982,-3.0
7983,-3.0
7984,-1.0
7985,0.0
7986,-4.0
7987,1.0
7988,-13.0
7989,2.0
7990,-2.0
7991,-22.0
7992,-1.0
7993,3.0
7994,16.0
7995,0.0
7996,-1.0
7997,0.0
7998,1.0
7999,0.0
8000,20.0
8001,-4.0
8002,-13.0
8003,4.0
8004,-8.0
8005,-40.0
8006,-1.0
8007,0.0
8008,0.0
8009,0.0
8010,8.0
8011,3.0
8012,-3.0
8013,6.0
8014,0.0
8015,26.0
8016,-3.0
8017,-20.0
8018,11.0
8019,2.0
8020,-3.0
8021,-1.0
8022,-1.0
8023,0.0
8024,-5.0
8025,0.0
8026,-2.0
8027,18.0
8028,-87.0
8029,32795.0
8030,1.0
8031,20.0
8032,0.0
8033,0.0
8034,0.0
8035,3.0
8036,-3.0
8037,4.0
8038,0.0
8039,0.0
8040,-7.0
8041,-33.0
8042,-10.0
8043,-1.0
8044,-6.0
8045,55.0
8046,5.0
8047,-1.0
8048,-3.0
8049,-2.0
8050,3.0
8051,0.0
8052,0.0
8053,0.0
8054,3.0
8055,2.0
8056,-14.0
8057,19.0
8058,0.0
8059,1.0
8060,1.0
8061,2.0
8062,0.0
8063,-32768.0
8064,25.0
8065,-2.0
8066,11.0
8067,0.0
8068,-12.0
8069,1.0
8070,5.0
8071,-46.0
8072,11.0
8073,57.0
8074,15.0
8075,32764.0
8076,1.0
8077,-26.0
8078,-1.0
8079,11.0
8080,3.0
8081,0.0
8082,0.0
8083,-1.0
8084,0.0
8085,3.0
8086,1.0
8087,1.0
8088,3.0
8089,26.0
8090,34.0
8091,-32760.0
8092,-6.0
8093,-1.0
8094,0.0
8095,0.0
8096,-2.0
8097,-2.0
8098,18.0
8099,1.0
8100,-3.0
8101,-4.0
8102,2.0
8103,0.0
8104,6.0
8105,0.0
8106,-36.0
8107,0.0
8108,-22.0
8109,-6.0
8110,-3.0
8111,0.0
8112,0.0
8113,-56.0
8114,25.0
8115,-8.0
8116,16.0
8117,62.0
8118,-4.0
8119,-16.0
8120,17.0
8121,11.0
8122,-18.0
8123,-23.0
8124,-21.0
8125,79.0
8126,-16.0
8127,-32767.0
8128,-7.0
8129,15.0
8130,1.0
8131,0.0
8132,0.0
8133,-3.0
8134,-4.0
8135,0.0
8136,-7.0
8137,0.0
8138,5.0
8139,1.0
8140,-109.0
8141,-82.0
8142,31.0
8143,-99.0
8144,-50.0
8145,0.0
8146,29.0
8147,-1.0
8148,-32759.0
8149,5.0
8150,-5.0
8151,40.0
8152,-22.0
8153,0.0
8154,0.0
8155,-1.0
8156,0.0
8157,1.0
8158,4.0
8159,0.0
8160,2.0
8161,11.0
8162,12.0
8163,-2.0
8164,0.0
8165,-22.0
8166,2.0
8167,-3.0
8168,27.0
8169,-1.0
8170,-1.0
8171,4.0
8172,1.0
8173,-2.0
8174,-8.0
8175,24.0
8176,-23.0
8177,197.0
8178,1.0
8179,-33.0
8180,-1.0
8181,0.0
8182,3.0
8183,13.0
8184,1.0
8185,-3.0
8186,2.0
8187,14.0
8188,11.0
8189,0.0
8190,1.0
8191,0.0
8192,7.0
8193,-7.0
8194,-9.0
8195,-8.0
8196,-22.0
8197,39.0
8198,0.0
8199,8.0
8200,-1.0
8201,-4.0
8202,11.0
8203,15.0
8204,1.0
8205,16.0
8206,0.0
8207,-15.0
8208,-32703.0
8209,1.0
8210,1.0
8211,-1.0
8212,0.0
8213,47.0
8214,-4.0
8215,51.0
8216,0.0
8217,11.0
8218,3.0
8219,1.0
8220,-1.0
8221,-1.0
8222,22.0
8223,0.0
8224,-1.0
8225,0.0
8226,-3.0
8227,37.0
8228,-14.0
8229,-1.0
8230,-4.0
8231,1.0
8232,-22.0
8233,0.0
8234,-1.0
8235,0.0
8236,-32750.0
8237,0.0
8238,0.0
8239,0.0
8240,4.0
8241,-10.0
8242,0.0
8243,0.0
8244,115.0
8245,-4.0
8246,89.0
8247,47.0
8248,3.0
8249,16.0
8250,0.0
8251,9.0
8252,-2.0
8253,0.0
8254,5.0
8255,2.0
8256,0.0
8257,6.0
8258,7.0
8259,1.0
8260,15.0
8261,2.0
8262,2.0
8263,-2.0
8264,-1.0
8265,-17.0
8266,3.0
8267,0.0
8268,0.0
8269,28.0
8270,36.0
8271,0.0
8272,-4.0
8273,0.0
8274,106.0
8275,27.0
8276,1.0
8277,-1.0
8278,-2.0
8279,0.0
8280,-1.0
8281,35.0
8282,32766.0
8283,-2.0
8284,0.0
8285,41.0
8286,-1.0
8287,-3.0
8288,3.0
8289,1.0
8290,1.0
8291,-19.0
8292,0.0
8293,14.0
8294,-1.0
8295,-6.0
8296,24.0
8297,1.0
8298,-21.0
8299,-3.0
8300,1.0
8301,-1.0
8302,-4.0
8303,-6.0
8304,1.0
8305,1.0
8306,-3.0
8307,0.0
8308,-34.0
8309,-25.0
8310,-11.0
8311,29.0
8312,2.0
8313,8.0
8314,1.0
8315,41.0
8316,1.0
8317,0.0
8318,-34.0
8319,1.0
8320,4.0
8321,-1.0
8322,-1.0
8323,3.0
8324,0.0
8325,1.0
8326,0.0
8327,-9.0
8328,3.0
8329,2.0
8330,0.0
8331,-51.0
8332,65.0
8333,-1.0
8334,-2.0
8335,-25.0
8336,32770.0
8337,-9.0
8338,0.0
8339,3.0
8340,0.0
8341,0.0
8342,6.0
8343,-1.0
8344,0.0
8345,-2.0
8346,-32.0
8347,-206.0
8348,-4.0
8349,17.0
8350,7.0
8351,6.0
8352,-6.0
8353,12.0
8354,0.0
8355,6.0
8356,23.0
8357,-32760.0
8358,-9.0
8359,-5.0
8360,1.0
8361,-18.0
8362,-1.0
8363,2.0
8364,-3.0
8365,-19.0
8366,-3.0
8367,0.0
8368,3.0
8369,0.0
8370,-4.0
8371,-2.0
8372,-2.0
8373,-23.0
8374,0.0
8375,6.0
8376,0.0
8377,4.0
8378,-1.0
8379,1.0
8380,-5.0
8381,3.0
8382,19.0
8383,0.0
8384,6.0
8385,3.0
8386,37.0
8387,5.0
8388,13.0
8389,-2.0
8390,-6.0
8391,20.0
8392,10.0
8393,2.0
8394,-1.0
8395,0.0
8396,-17.0
8397,-1.0
8398,1.0
8399,-2.0
8400,0.0
8401,-2.0
8402,4.0
8403,5.0
8404,0.0
8405,21.0
8406,0.0
8407,-32776.0
8408,1.0
8409,0.0
8410,-12.0
8411,-49.0
8412,9.0
8413,8.0
8414,0.0
8415,-1.0
8416,-2.0
8417,-16.0
8418,-1.0
8419,2.0
8420,-42.0
8421,-1.0
8422,14.0
8423,0.0
8424,-51.0
8425,0.0
8426,8.0
8427,4.0
8428,0.0
8429,-2.0
8430,-58.0
8431,39.0
8432,3.0
8433,-15.0
8434,8.0
8435,6.0
8436,-37.0
8437,0.0
8438,67.0
8439,0.0
8440,-2.0
8441,4.0
8442,2.0
8443,0.0
8444,2.0
8445,-13.0
8446,12.0
8447,-32751.0
8448,0.0
8449,8.0
8450,0.0
8451,-34.0
8452,18.0
8453,-7.0
8454,-2.0
8455,-2.0
8456,-1.0
8457,1.0
8458,0.0
8459,0.0
8460,-7.0
8461,2.0
8462,-22.0
8463,66.0
8464,19.0
8465,8.0
8466,4.0
8467,0.0
8468,27.0
8469,0.0
8470,5.0
8471,-8.0
8472,0.0
8473,26.0
8474,0.0
8475,0.0
8476,0.0
8477,24.0
8478,0.0
8479,-1.0
8480,1.0
8481,143.0
8482,-10.0
8483,-7.0
8484,-3.0
8485,0.0
8486,97.0
8487,-19.0
8488,-6.0
8489,-21.0
8490,0.0
8491,3.0
8492,4.0
8493,11.0
8494,-20.0
8495,-1.0
8496,0.0
8497,0.0
8498,-4.0
8499,2.0
8500,1.0
8501,3.0
8502,-4.0
8503,0.0
8504,-1.0
8505,0.0
8506,0.0
8507,70.0
8508,-1.0
8509,-40.0
8510,1.0
8511,1.0
8512,1.0
8513,-3.0
8514,1.0
8515,-1.0
8516,17.0
8517,0.0
8518,1.0
8519,1.0
8520,-1.0
8521,75.0
8522,-30.0
8523,6.0
8524,0.0
8525,0.0
8526,-1.0
8527,5.0
8528,-5.0
8529,22.0
8530,-2.0
8531,-1.0
8532,-18.0
8533,0.0
8534,0.0
8535,-1.0
8536,0.0
8537,2.0
8538,-5.0
8539,1.0
8540,1.0
8541,111.0
8542,6.0
8543,0.0
8544,0.0
8545,36.0
8546,4.0
8547,-12.0
8548,-1.0
8549,6.0
8550,-8.0
8551,22.0
8552,12.0
8553,24.0
8554,-2.0
8555,1.0
8556,6.0
8557,12.0
8558,97.0
8559,1.0
8560,-16.0
8561,8.0
8562,7.0
8563,0.0
8564,0.0
8565,-32743.0
8566,-2.0
8567,-3.0
8568,0.0
8569,-53.0
8570,0.0
8571,-2.0
8572,10.0
8573,68.0
8574,-6.0
8575,27.0
8576,0.0
8577,-5.0
8578,-16.0
8579,-170.0
8580,1.0
8581,0.0
8582,1.0
8583,-1.0
8584,-1.0
8585,4.0
8586,0.0
8587,0.0
8588,-2.0
8589,-32766.0
8590,0.0
8591,2.0
8592,-2.0
8593,2.0
8594,-1.0
8595,29.0
8596,0.0
8597,0.0
8598,-8.0
8599,-3.0
8600,4.0
8601,-21.0
8602,0.0
8603,1.0
8604,-8.0
8605,-1.0
8606,0.0
8607,3.0
8608,-1.0
8609,0.0
8610,-1.0
8611,-25.0
8612,-35.0
8613,-1.0
8614,13.0
8615,9.0
8616,-6.0
8617,61.0
8618,-1.0
8619,1.0
8620,-1.0
8621,6.0
8622,0.0
8623,-9.0
8624,-3.0
8625,0.0
8626,-4.0
8627,87.0
8628,0.0
8629,0.0
8630,3.0
8631,0.0
8632,4.0
8633,0.0
8634,-12.0
8635,3.0
8636,0.0
8637,2.0
8638,2.0
8639,3.0
8640,-221.0
8641,4.0
8642,-19.0
8643,-4.0
8644,-1.0
8645,-16.0
8646,1.0
8647,-3.0
8648,9.0
8649,1.0
8650,-46.0
8651,0.0
8652,0.0
8653,2.0
8654,9.0
8655,22.0
8656,21.0
8657,14.0
8658,1.0
8659,-5.0
8660,0.0
8661,0.0
8662,1.0
8663,-2.0
8664,-5.0
8665,30.0
8666,-29.0
8667,33.0
8668,-28.0
8669,7.0
8670,-1.0
8671,1.0
8672,-3.0
8673,1.0
8674,-60.0
8675,30.0
8676,0.0
8677,28.0
8678,1.0
8679,-11.0
8680,-2.0
8681,-4.0
8682,-1.0
8683,5.0
8684,0.0
8685,-5.0
8686,-32766.0
8687,0.0
8688,-30.0
8689,-13.0
8690,0.0
8691,0.0
8692,2.0
8693,1.0
8694,-5.0
8695,-3.0
8696,0.0
8697,-18.0
8698,-4.0
8699,-2.0
8700,-1.0
8701,10.0
8702,30.0
8703,-1.0
8704,54.0
8705,0.0
8706,-1.0
8707,-16.0
8708,0.0
8709,-9.0
8710,-1.0
8711,3.0
8712,-4.0
8713,4.0
8714,-1.0
8715,2.0
8716,-32740.0
8717,25.0
8718,3.0
8719,-15.0
8720,-1.0
8721,58.0
8722,-5.0
8723,-1.0
8724,10.0
8725,0.0
8726,-6.0
8727,32.0
8728,-1.0
8729,-4.0
8730,-1.0
8731,14.0
8732,0.0
8733,-2.0
8734,-19.0
8735,0.0
8736,-5.0
8737,-3.0
8738,2.0
8739,11.0
8740,4.0
8741,12.0
8742,3.0
8743,0.0
8744,0.0
8745,1.0
8746,0.0
8747,0.0
8748,-10.0
8749,-16.0
8750,-1.0
8751,-11.0
8752,-28.0
8753,2.0
8754,-29.0
8755,10.0
8756,1.0
8757,4.0
8758,-1.0
8759,0.0
8760,-4.0
8761,0.0
8762,4.0
8763,1.0
8764,0.0
8765,-4.0
8766,0.0
8767,-42.0
8768,-3.0
8769,0.0
8770,15.0
8771,237.0
8772,-12.0
8773,10.0
8774,-1.0
8775,-4.0
8776,0.0
8777,12.0
8778,5.0
8779,0.0
8780,23.0
8781,0.0
8782,0.0
8783,-1.0
8784,-11.0
8785,0.0
8786,0.0
8787,4.0
8788,0.0
8789,-1.0
8790,16.0
8791,0.0
8792,7.0
8793,0.0
8794,9.0
8795,0.0
8796,0.0
8797,-1.0
8798,0.0
8799,50.0
8800,76.0
8801,-1.0
8802,1.0
8803,0.0
8804,-18.0
8805,59.0
8806,1.0
8807,6.0
8808,-1.0
8809,13.0
8810,-8.0
8811,-9.0
8812,-7.0
8813,70.0
8814,14.0
8815,6.0
8816,-1.0
8817,-23.0
8818,16.0
8819,-3.0
8820,1.0
8821,-1.0
8822,0.0
8823,13.0
8824,41.0
8825,-27.0
8826,0.0
8827,21.0
8828,5.0
8829,2.0
8830,3.0
8831,16.0
8832,1.0
8833,-2.0
8834,2.0
8835,6.0
8836,0.0
8837,-3.0
8838,-2.0
8839,-44.0
8840,1.0
8841,56.0
8842,-29.0
8843,-1.0
8844,-81.0
8845,-41.0
8846,72.0
8847,-3.0
8848,-32760.0
8849,0.0
8850,-5.0
8851,1.0
8852,-25.0
8853,36.0
8854,0.0
8855,0.0
8856,0.0
8857,-31.0
8858,25.0
8859,1.0
8860,-24.0
8861,-49.0
8862,131.0
8863,10.0
8864,-4.0
8865,9.0
8866,0.0
8867,22.0
8868,5.0
8869,-7.0
8870,0.0
8871,-3.0
8872,-1.0
8873,10.0
8874,-1.0
8875,0.0
8876,-5.0
8877,0.0
8878,0.0
8879,5.0
8880,7.0
8881,1.0
8882,12.0
8883,0.0
8884,0.0
8885,3.0
8886,-7.0
8887,-3.0
8888,0.0
8889,12.0
8890,-14.0
8891,7.0
8892,0.0
8893,-4.0
8894,-2.0
8895,-10.0
8896,3.0
8897,13.0
8898,2.0
8899,-7.0
8900,-1.0
8901,9.0
8902,0.0
8903,2.0
8904,25.0
8905,-3.0
8906,-1.0
8907,2.0
8908,0.0
8909,0.0
8910,-1.0
8911,14.0
8912,0.0
8913,24.0
8914,0.0
8915,-45.0
8916,1.0
8917,58.0
8918,2.0
8919,-2.0
8920,-20.0
8921,1.0
8922,-1.0
8923,-12.0
8924,53.0
8925,2.0
8926,1.0
8927,0.0
8928,2.0
8929,-3.0
8930,81.0
8931,0.0
8932,292.0
8933,13.0
8934,41.0
8935,-21.0
8936,2.0
8937,0.0
8938,32766.0
8939,-25.0
8940,0.0
8941,5.0
8942,8.0
8943,2.0
8944,11.0
8945,0.0
8946,0.0
8947,-1.0
8948,3.0
8949,0.0
8950,-3.0
8951,-3.0
8952,-2.0
8953,18.0
8954,-2.0
8955,25.0
8956,-1.0
8957,-1.0
8958,3.0
8959,-3.0
8960,2.0
8961,9.0
8962,-3.0
8963,-6.0
8964,82.0
8965,0.0
8966,0.0
8967,-10.0
8968,-6.0
8969,-4.0
8970,4.0
8971,2.0
8972,0.0
8973,20.0
8974,-3.0
8975,1.0
8976,-4.0
8977,0.0
8978,11.0
8979,-3.0
8980,4.0
8981,-7.0
8982,-5.0
8983,1.0
8984,0.0
8985,1.0
8986,1.0
8987,0.0
8988,0.0
8989,5.0
8990,-20.0
8991,0.0
8992,-1.0
8993,6.0
8994,-8.0
8995,140.0
8996,14.0
8997,0.0
8998,-1.0
8999,1.0
9000,0.0
9001,2.0
9002,-5.0
9003,3.0
9004,25.0
9005,-1.0
9006,27.0
9007,0.0
9008,-32766.0
9009,0.0
9010,0.0
9011,0.0
9012,1.0
9013,-10.0
9014,-4.0
9015,-16.0
9016,111.0
9017,-5.0
9018,0.0
9019,0.0
9020,4.0
9021,6.0
9022,7.0
9023,-3.0
9024,199.0
9025,0.0
9026,15.0
9027,-7.0
9028,27.0
9029,-11.0
9030,130.0
9031,6.0
9032,95.0
9033,-1.0
9034,-4.0
9035,0.0
9036,3.0
9037,0.0
9038,-17.0
9039,-32766.0
9040,11.0
9041,0.0
9042,-6.0
9043,25.0
9044,-1.0
9045,17.0
9046,-32733.0
9047,0.0
9048,5.0
9049,-1.0
9050,-59.0
9051,208.0
9052,-12.0
9053,-5.0
9054,0.0
9055,3.0
9056,-40.0
9057,0.0
9058,0.0
9059,-2.0
9060,-1.0
9061,9.0
9062,0.0
9063,0.0
9064,1.0
9065,2.0
9066,14.0
9067,0.0
9068,-4.0
9069,37.0
9070,1.0
9071,1.0
9072,0.0
9073,35.0
9074,-8.0
9075,0.0
9076,0.0
9077,-32722.0
9078,-1.0
9079,-3.0
9080,-16.0
9081,-12.0
9082,2.0
9083,1.0
9084,-4.0
9085,0.0
9086,-27.0
9087,0.0
9088,0.0
9089,-4.0
9090,1.0
9091,-3.0
9092,-1.0
9093,-10.0
9094,4.0
9095,4.0
9096,-23.0
9097,-5.0
9098,0.0
9099,0.0
9100,-52.0
9101,9.0
9102,5.0
9103,87.0
9104,18.0
9105,-6.0
9106,-1.0
9107,124.0
9108,-2.0
9109,9.0
9110,-72.0
9111,0.0
9112,0.0
9113,8.0
9114,-1.0
9115,-1.0
9116,-14.0
9117,-6.0
9118,-7.0
9119,-2.0
9120,0.0
9121,2.0
9122,0.0
9123,0.0
9124,0.0
9125,0.0
9126,-2.0
9127,1.0
9128,23.0
9129,-1.0
9130,-3.0
9131,-1.0
9132,-1.0
9133,46.0
9134,2.0
9135,1.0
9136,0.0
9137,1.0
9138,33.0
9139,-1.0
9140,-1.0
9141,0.0
9142,0.0
9143,-1.0
9144,-4.0
9145,1.0
9146,3.0
9147,13.0
9148,-7.0
9149,1.0
9150,-3.0
9151,0.0
9152,4.0
9153,4.0
9154,-146.0
9155,-9.0
9156,0.0
9157,-4.0
9158,-4.0
9159,5.0
9160,3.0
9161,6.0
9162,-1.0
9163,0.0
9164,0.0
9165,5.0
9166,-48.0
9167,-21.0
9168,7.0
9169,13.0
9170,-10.0
9171,1.0
9172,1.0
9173,0.0
9174,-4.0
9175,2.0
9176,0.0
9177,-12.0
9178,1.0
9179,6.0
9180,17.0
9181,-71.0
9182,0.0
9183,-3.0
9184,-1.0
9185,5.0
9186,1.0
9187,-7.0
9188,4.0
9189,0.0
9190,0.0
9191,3.0
9192,-3.0
9193,-403.0
9194,-7.0
9195,0.0
9196,4.0
9197,-32742.0
9198,2.0
9199,-7.0
9200,-8.0
9201,-1.0
9202,0.0
9203,-10.0
9204,12.0
9205,2.0
9206,3.0
9207,-4.0
9208,0.0
9209,1.0
9210,29.0
9211,-47.0
9212,-6.0
9213,1.0
9214,-1.0
9215,1.0
9216,0.0
9217,0.0
9218,0.0
9219,-3.0
9220,-18.0
9221,-11.0
9222,3.0
9223,-59.0
9224,26.0
9225,0.0
9226,1.0
9227,36.0
9228,5.0
9229,8.0
9230,0.0
9231,-41.0
9232,0.0
9233,0.0
9234,-10.0
9235,1.0
9236,128.0
9237,-1.0
9238,5.0
9239,0.0
9240,-5.0
9241,-1.0
9242,1.0
9243,0.0
9244,-1.0
9245,-2.0
9246,-8.0
9247,-9.0
9248,-29.0
9249,147.0
9250,-25.0
9251,-15.0
9252,59.0
9253,27.0
9254,1.0
9255,22.0
9256,-2.0
9257,7.0
9258,0.0
9259,0.0
9260,9.0
9261,0.0
9262,87.0
9263,0.0
9264,1.0
9265,4.0
9266,-85.0
9267,13.0
9268,0.0
9269,0.0
9270,8.0
9271,-6.0
9272,-30.0
9273,-2.0
9274,-7.0
9275,33.0
9276,5.0
9277,68.0
9278,-38.0
9279,-11.0
9280,26.0
9281,-2.0
9282,-30.0
9283,0.0
9284,4.0
9285,1.0
9286,74.0
9287,1.0
9288,-2.0
9289,6.0
9290,-2.0
9291,0.0
9292,13.0
9293,0.0
9294,-3.0
9295,7.0
9296,2.0
9297,-4.0
9298,-3.0
9299,0.0
9300,-66.0
9301,-2.0
9302,0.0
9303,0.0
9304,-2.0
9305,23.0
9306,0.0
9307,0.0
9308,3.0
9309,3.0
9310,-3.0
9311,-1.0
9312,-5.0
9313,4.0
9314,0.0
9315,-6.0
9316,0.0
9317,-21.0
9318,0.0
9319,-2.0
9320,-3.0
9321,2.0
9322,0.0
9323,-7.0
9324,6.0
9325,-3.0
9326,5.0
9327,1.0
9328,10.0
9329,1.0
9330,0.0
9331,0.0
9332,0.0
9333,-4.0
9334,-1.0
9335,1.0
9336,0.0
9337,0.0
9338,0.0
9339,-12.0
9340,0.0
9341,-1.0
9342,-8.0
9343,3.0
9344,16.0
9345,15.0
9346,-16.0
9347,1.0
9348,51.0
9349,2.0
9350,8.0
9351,-30.0
9352,1.0
9353,-1.0
9354,0.0
9355,0.0
9356,-4.0
9357,9.0
9358,6.0
9359,2.0
9360,-3.0
9361,-8.0
9362,-16.0
9363,-17.0
9364,-5.0
9365,-7.0
9366,-2.0
9367,16.0
9368,3.0
9369,-19.0
9370,-1.0
9371,-32766.0
9372,3.0
9373,2.0
9374,-7.0
9375,-12.0
9376,5.0
9377,26.0
9378,-4.0
9379,0.0
9380,-32738.0
9381,7.0
9382,11.0
9383,-10.0
9384,-30.0
9385,1.0
9386,-1.0
9387,-1.0
9388,-1.0
9389,13.0
9390,-5.0
9391,-3.0
9392,1.0
9393,0.0
9394,66.0
9395,0.0
9396,-5.0
9397,0.0
9398,14.0
9399,-1.0
9400,15.0
9401,-14.0
9402,5.0
9403,1.0
9404,-1.0
9405,6.0
9406,-29.0
9407,0.0
9408,0.0
9409,-5.0
9410,0.0
9411,-3.0
9412,0.0
9413,6.0
9414,13.0
9415,-4.0
9416,15.0
9417,6.0
9418,-3.0
9419,7.0
9420,0.0
9421,-7.0
9422,6.0
9423,0.0
9424,4.0
9425,-3.0
9426,-40.0
9427,1.0
9428,3.0
9429,0.0
9430,1.0
9431,0.0
9432,-4.0
9433,-44.0
9434,22.0
9435,1.0
9436,-61.0
9437,-9.0
9438,-26.0
9439,3.0
9440,19.0
9441,4.0
9442,-5.0
9443,-3.0
9444,-8.0
9445,0.0
9446,32726.0
9447,0.0
9448,8.0
9449,8.0
9450,44.0
9451,-32766.0
9452,7.0
9453,0.0
9454,-23.0
9455,20.0
9456,1.0
9457,9.0
9458,0.0
9459,-18.0
9460,0.0
9461,2.0
9462,2.0
9463,0.0
9464,2.0
9465,-3.0
9466,0.0
9467,-80.0
9468,-3.0
9469,-1.0
9470,18.0
9471,1.0
9472,-2.0
9473,4.0
9474,-14.0
9475,11.0
9476,-4.0
9477,-5.0
9478,-1.0
9479,-269.0
9480,0.0
9481,1.0
9482,4.0
9483,0.0
9484,8.0
9485,2.0
9486,2.0
9487,4.0
9488,0.0
9489,0.0
9490,-2.0
9491,-4.0
9492,0.0
9493,-1.0
9494,0.0
9495,37.0
9496,0.0
9497,-75.0
9498,10.0
9499,2.0
9500,-1.0
9501,1.0
9502,0.0
9503,17.0
9504,-66.0
9505,-20.0
9506,-3.0
9507,12.0
9508,25.0
9509,32755.0
9510,13.0
9511,32766.0
9512,-1.0
9513,-1.0
9514,-32772.0
9515,-6.0
9516,-7.0
9517,1.0
9518,7.0
9519,7.0
9520,6.0
9521,-1.0
9522,-12.0
9523,-11.0
9524,0.0
9525,6.0
9526,36.0
9527,-33.0
9528,8.0
9529,0.0
9530,-2.0
9531,-1.0
9532,27.0
9533,0.0
9534,86.0
9535,-184.0
9536,64.0
9537,3.0
9538,2.0
9539,-1.0
9540,0.0
9541,-27.0
9542,1.0
9543,-2.0
9544,-5.0
9545,-4.0
9546,5.0
9547,1.0
9548,-13.0
9549,-6.0
9550,0.0
9551,0.0
9552,-5.0
9553,9.0
9554,0.0
9555,0.0
9556,10.0
9557,0.0
9558,0.0
9559,-3.0
9560,-4.0
9561,169.0
9562,1.0
9563,1.0
9564,0.0
9565,0.0
9566,10.0
9567,-2.0
9568,-2.0
9569,1.0
9570,0.0
9571,-3.0
9572,0.0
9573,-23.0
9574,-31.0
9575,2.0
9576,129.0
9577,-6.0
9578,-3.0
9579,0.0
9580,0.0
9581,-88.0
9582,4.0
9583,-32745.0
9584,12.0
9585,-2.0
9586,-3.0
9587,3.0
9588,-1.0
9589,3.0
9590,8.0
9591,0.0
9592,2.0
9593,-6.0
9594,-383.0
9595,0.0
9596,2.0
9597,0.0
9598,-7.0
9599,-1.0
9600,-18.0
9601,-1.0
9602,-6.0
9603,14.0
9604,-1.0
9605,0.0
9606,37.0
9607,-2.0
9608,0.0
9609,0.0
9610,0.0
9611,0.0
9612,0.0
9613,0.0
9614,4.0
9615,0.0
9616,-6.0
9617,3.0
9618,-9.0
9619,2.0
9620,0.0
9621,2.0
9622,1.0
9623,-7.0
9624,34.0
9625,0.0
9626,-2.0
9627,0.0
9628,2.0
9629,34.0
9630,-100.0
9631,18.0
9632,12.0
9633,2.0
9634,-5.0
9635,0.0
9636,35.0
9637,1.0
9638,-1.0
9639,0.0
9640,1.0
9641,-1.0
9642,0.0
9643,0.0
9644,0.0
9645,-3.0
9646,76.0
9647,0.0
9648,5.0
9649,1.0
9650,0.0
9651,0.0
9652,-23.0
9653,0.0
9654,32768.0
9655,1.0
9656,5.0
9657,0.0
9658,-143.0
9659,0.0
9660,-5.0
9661,-2.0
9662,1.0
9663,2.0
9664,3.0
9665,-2.0
9666,-13.0
9667,25.0
9668,24.0
9669,-7.0
9670,-11.0
9671,-32737.0
9672,0.0
9673,-1.0
9674,3.0
9675,0.0
9676,9.0
9677,-28.0
9678,5.0
9679,-29.0
9680,0.0
9681,-26.0
9682,0.0
9683,-2.0
9684,0.0
9685,-1.0
9686,0.0
9687,-13.0
9688,1.0
9689,32716.0
9690,-56.0
9691,-32716.0
9692,0.0
9693,21.0
9694,0.0
9695,0.0
9696,0.0
9697,-1.0
9698,7.0
9699,-6.0
9700,0.0
9701,3.0
9702,-1.0
9703,-1.0
9704,3.0
9705,27.0
9706,10.0
9707,32.0
9708,-2.0
9709,13.0
9710,0.0
9711,-1.0
9712,-1.0
9713,-1.0
9714,0.0
9715,5.0
9716,0.0
9717,1.0
9718,-21.0
9719,-9.0
9720,-6.0
9721,-24.0
9722,-25.0
9723,6.0
9724,-25.0
9725,-1.0
9726,-160.0
9727,94.0
9728,-10.0
9729,2.0
9730,-5.0
9731,0.0
9732,0.0
9733,17.0
9734,0.0
9735,77.0
9736,0.0
9737,-5.0
9738,-4.0
9739,2.0
9740,0.0
9741,-39.0
9742,-16.0
9743,-7.0
9744,-7.0
9745,-12.0
9746,-20.0
9747,-35.0
9748,4.0
9749,0.0
9750,4.0
9751,0.0
9752,-23.0
9753,-31.0
9754,-16.0
9755,0.0
9756,-1.0
9757,76.0
9758,0.0
9759,1.0
9760,0.0
9761,-26.0
9762,12.0
9763,-1.0
9764,1.0
9765,0.0
9766,-29.0
9767,28.0
9768,-22.0
9769,-1.0
9770,-1.0
9771,-1.0
9772,-32.0
9773,2.0
9774,-35.0
9775,-21.0
9776,0.0
9777,33.0
9778,0.0
9779,1.0
9780,1.0
9781,0.0
9782,12.0
9783,0.0
9784,4.0
9785,1.0
9786,-1.0
9787,8.0
9788,2.0
9789,4.0
9790,-14.0
9791,0.0
9792,11.0
9793,-18.0
9794,0.0
9795,34.0
9796,8.0
9797,0.0
9798,-25.0
9799,-3.0
9800,1.0
9801,0.0
9802,0.0
9803,1.0
9804,32.0
9805,-34.0
9806,-1.0
9807,0.0
9808,9.0
9809,-1.0
9810,-1.0
9811,0.0
9812,1.0
9813,23.0
9814,6.0
9815,1.0
9816,0.0
9817,1.0
9818,9.0
9819,47.0
9820,48.0
9821,0.0
9822,-18.0
9823,0.0
9824,3.0
9825,4.0
9826,-1.0
9827,-56.0
9828,-7.0
9829,-10.0
9830,0.0
9831,-6.0
9832,0.0
9833,-2.0
9834,4.0
9835,-3.0
9836,-8.0
9837,11.0
9838,-7.0
9839,13.0
9840,0.0
9841,1.0
9842,-10.0
9843,-3.0
9844,-8.0
9845,3.0
9846,1.0
9847,-23.0
9848,-8.0
9849,6.0
9850,15.0
9851,9.0
9852,0.0
9853,-61.0
9854,17.0
9855,0.0
9856,-1.0
9857,-162.0
9858,1.0
9859,2.0
9860,96.0
9861,-2.0
9862,2.0
9863,1.0
9864,0.0
9865,9.0
9866,14.0
9867,15.0
9868,2.0
9869,-1.0
9870,-1.0
9871,0.0
9872,55.0
9873,3.0
9874,32.0
9875,-2.0
9876,-5.0
9877,-3.0
9878,0.0
9879,12.0
9880,-30.0
9881,-14.0
9882,-1.0
9883,0.0
9884,-15.0
9885,5.0
9886,0.0
9887,1.0
9888,14.0
9889,27.0
9890,4.0
9891,-18.0
9892,0.0
9893,4.0
9894,-13.0
9895,1.0
9896,0.0
9897,-95.0
9898,6.0
9899,-1.0
9900,1.0
9901,0.0
9902,-1.0
9903,-2.0
9904,6.0
9905,-1.0
9906,0.0
9907,0.0
9908,1.0
9909,-3.0
9910,-1.0
9911,53.0
9912,-47.0
9913,-25.0
9914,-9.0
9915,-1.0
9916,1.0
9917,10.0
9918,-2.0
9919,12.0
9920,-12.0
9921,-1.0
9922,-19.0
9923,0.0
9924,0.0
9925,1.0
9926,-1.0
9927,-1.0
9928,-26.0
9929,33.0
9930,0.0
9931,0.0
9932,0.0
9933,0.0
9934,-32863.0
9935,-3.0
9936,-40.0
9937,4.0
9938,-32.0
9939,0.0
9940,-2.0
9941,1.0
9942,0.0
9943,-1.0
9944,-4.0
9945,-1.0
9946,-1.0
9947,3.0
9948,-18.0
9949,-5.0
9950,1.0
9951,-38.0
9952,2.0
9953,4.0
9954,1.0
9955,26.0
9956,-24.0
9957,2.0
9958,-3.0
9959,6.0
9960,0.0
9961,0.0
9962,-2.0
9963,5.0
9964,1.0
9965,0.0
9966,0.0
9967,-7.0
9968,-12.0
9969,3.0
9970,1.0
9971,-21.0
9972,234.0
9973,4.0
9974,2.0
9975,-7.0
9976,-50.0
9977,-2.0
9978,3.0
9979,0.0
9980,-3.0
9981,1.0
9982,0.0
9983,-7.0
9984,3.0
9985,0.0
9986,-24.0
9987,-7.0
9988,32744.0
9989,-15.0
9990,13.0
9991,-4.0
9992,-7.0
9993,0.0
9994,4.0
9995,39.0
9996,-14.0
9997,-7.0
9998,0.0
9999,-4.0
